0.749556
0.42054
0.362325
0.716116
0.620157
0.87852
0.299321
0.67549
0.637987
0.35155
0.104707
0.950464
0.157919
0.801297
0.387271
0.435927
0.961954
0.62154
0.863649
0.616375
0.691865
0.18571
0.514726
0.280555
0.701659
0.550482
0.296681
0.214342
0.714914
0.133463
0.103689
0.46447
0.554004
0.466014
0.180586
0.17416
0.344534
0.479907
0.84965
0.98252
0.831458
0.954357
0.932984
0.989376
0.755654
0.320255
0.425303
0.717608
0.941796
0.288952
0.333983
0.633661
0.474662
0.848709
0.914216
0.176321
0.399191
0.210897
0.390663
0.114105
0.34436
0.494352
0.578575
0.898364
0.960365
0.759161
0.072524
0.304899
0.239068
0.922174
0.287419
0.0705262
0.876531
0.220404
0.0599025
0.632185
0.540659
0.485205
0.349793
0.482455
0.774157
0.683777
0.116116
0.248819
0.532486
0.0303317
0.42514
0.931677
0.241229
0.815803
0.0457819
0.58559
0.310155
0.624357
0.483953
0.27052
0.383518
0.556477
0.575419
0.622587
0.478651
0.862839
0.693113
0.355182
0.0832425
0.753015
0.987367
0.623902
0.238221
0.33716
0.106357
0.0123778
0.0209372
0.222473
0.261197
0.553423
0.252804
0.686337
0.485101
0.494033
0.50214
0.530882
0.0796229
0.812295
0.155239
0.563576
0.0828148
0.538758
0.120054
0.658234
0.161344
0.598705
0.521073
0.854457
0.953887
0.604315
0.607472
0.941254
0.228217
0.845693
0.278415
0.334574
0.858071
0.299352
0.557046
0.119268
0.852775
0.809851
0.805605
0.337876
0.303884
0.307745
0.868758
0.383507
0.120039
0.0239978
0.947084
0.202854
0.562755
0.0671375
0.861088
0.7241
0.665843
0.382161
0.578556
0.61973
0.986476
0.186029
0.560984
0.214693
0.0317216
0.839399
0.549266
0.889792
0.138751
0.106313
0.00906005
0.991527
0.916164
0.814665
0.329403
0.220048
0.122409
0.198161
0.603555
0.242448
0.222159
0.550639
0.445302
0.784914
0.617776
0.306391
0.509014
0.283619
0.688551
0.0875701
0.903348
0.675027
0.273599
0.464333
0.88972
0.30532
0.303732
0.438986
0.195113
0.442483
0.545299
0.204173
0.434009
0.461463
0.0188375
0.763412
0.68151
0.141247
0.961573
0.285065
0.383695
0.183732
0.835704
0.828998
0.968646
0.45348
0.135388
0.477659
0.737098
0.823939
0.56523
0.640447
0.498966
0.838828
0.104779
0.388686
0.144149
0.408511
0.827672
0.339262
0.850994
0.372971
0.543434
0.285003
0.834434
0.562272
0.0484149
0.515944
0.703519
0.00998773
0.801009
0.0872139
0.193719
0.636713
0.916212
0.162365
0.0901931
0.0515998
0.640024
0.827291
0.875539
0.205254
0.467738
0.374506
0.0440824
0.572518
0.763192
0.188231
0.981029
0.590864
0.527493
0.832022
0.963836
0.0709271
0.117025
0.798269
0.633199
0.16544
0.314213
0.336718
0.175428
0.115223
0.423931
0.369147
0.751936
0.340143
0.531512
0.842129
0.391743
0.171537
0.669421
0.267282
0.376791
0.137159
0.641788
0.420873
0.709677
0.40498
0.609104
0.690705
0.995844
0.136597
0.522727
0.95968
0.207524
0.639753
0.757949
0.840723
0.805193
0.0721624
0.177441
0.980621
0.187385
0.601372
0.349768
0.939322
0.941515
0.88128
0.781451
0.333258
0.0528172
0.450871
0.60054
0.429608
0.58803
0.242328
0.850481
0.297707
0.647308
0.459586
0.988412
0.643152
0.596183
0.511139
0.602832
0.803707
0.150892
0.360781
0.64443
0.956085
0.432943
0.821871
0.936705
0.620329
0.423243
0.286473
0.55965
0.364758
0.167754
0.341101
0.698016
0.220571
0.791972
0.298557
0.650179
0.380003
0.540885
0.50066
0.67771
0.188193
0.960246
0.666122
0.831346
0.556428
0.177261
0.434178
0.360135
0.328153
0.794959
0.00456504
0.284237
0.227902
0.826436
0.220943
0.848231
0.249679
0.507416
0.407881
0.614437
0.67517
0.748982
0.312453
0.89574
0.540955
0.61101
0.545919
0.920957
0.151895
0.0465792
0.598667
0.340088
0.00682479
0.264789
0.171434
0.563253
0.44205
0.605612
0.923388
0.770202
0.400571
0.927953
0.0544396
0.628473
0.754389
0.275382
0.476704
0.00406743
0.782798
0.884585
0.618504
0.457968
0.633567
0.930957
0.353708
0.174522
0.541967
0.899627
0.095479
0.693862
0.946207
0.694146
0.0339502
0.953031
0.958935
0.205384
0.516284
0.400985
0.810996
0.439673
0.171187
0.211567
0.367626
0.225627
0.84004
0.122015
0.501009
0.316743
0.126082
0.283807
0.201328
0.744586
0.741775
0.834895
0.675543
0.0954832
0.00941642
0.21751
0.995111
0.104895
0.911372
0.941317
0.799042
0.945322
0.894348
0.757977
0.150707
0.410633
0.158961
0.961703
0.850305
0.330148
0.17327
0.217931
0.555775
0.013309
0.339946
0.0567836
0.330052
0.466028
0.340591
0.53138
0.210614
0.0823656
0.366275
0.886158
0.177849
0.375691
0.103668
0.172959
0.480587
0.0150403
0.114276
0.279629
0.960363
0.00862478
0.0376051
0.111069
0.419258
0.196566
0.0727719
0.269563
0.526714
0.246041
0.487494
0.0824892
0.25935
0.82744
0.139273
0.589403
0.293469
0.479863
0.120783
0.504083
0.562229
0.487058
0.390241
0.740078
0.862749
0.493909
0.913037
0.343336
0.508949
0.0273134
0.622965
0.469312
0.0359382
0.66057
0.580381
0.455196
0.857136
0.653153
0.724759
0.383851
0.899194
0.212253
0.46634
0.158545
0.0396936
0.605613
0.747947
0.333162
0.0854759
0.86873
0.837245
0.647705
0.355788
0.227486
0.387783
0.218537
0.721395
0.30082
0.561873
0.230345
0.328133
0.184838
0.699656
0.364071
0.845408
0.280037
0.819267
0.702544
0.93319
0.544026
0.0863945
0.832385
0.756279
0.552734
0.990929
0.795973
0.158347
0.738877
0.129135
0.243823
0.607607
0.96638
0.891528
0.963395
0.193867
0.27931
0.181932
0.915262
0.58013
0.743805
0.145606
0.908263
0.928643
0.845263
0.272335
0.774051
0.1253
0.0916018
0.476595
0.0584906
0.635628
0.562989
0.890875
0.391907
0.115724
0.881804
0.18788
0.274071
0.620681
0.317015
0.517893
0.228288
0.283396
0.409421
0.191682
0.477262
0.688731
0.373614
0.392524
0.268862
0.117419
0.538131
0.177125
0.0460621
0.383394
0.44946
0.820113
0.508694
0.541061
0.296708
0.567185
0.176689
0.859697
0.45806
0.568597
0.975421
0.339864
0.756477
0.249491
0.960545
0.0734921
0.767384
0.188833
0.356888
0.176805
0.380515
0.83415
0.865537
0.754129
0.226675
0.134398
0.871548
0.764806
0.311523
0.91761
0.148199
0.760983
0.737723
0.656893
0.302044
0.0344307
0.224078
0.478734
0.894128
0.682137
0.0473302
0.869548
0.0220016
0.803807
0.119039
0.982547
0.877299
0.886424
0.17138
0.234187
0.0632294
0.551895
0.0683375
0.928766
0.306024
0.295012
0.0631647
0.177572
0.0598178
0.374688
0.0951819
0.208017
0.135671
0.832905
0.86491
0.437715
0.867336
0.0889876
0.916449
0.761463
0.771125
0.963779
0.631012
0.793126
0.767586
0.750051
0.775673
0.644885
0.636475
0.947053
0.879072
0.699704
0.498948
0.94741
0.628471
0.804972
0.242422
0.691635
0.982544
0.30224
0.0663234
0.0777255
0.510257
0.201994
0.91063
0.375167
0.63971
0.777966
0.464154
0.556159
0.539429
0.235279
0.519938
0.170441
0.0284057
0.287524
0.920492
0.804079
0.932409
0.556967
0.751132
0.811481
0.256671
0.25008
0.758891
0.885142
0.0550515
0.0013129
0.576777
0.0375951
0.303553
0.6431
0.115321
0.813809
0.845095
0.025951
0.188976
0.484805
0.803917
0.65313
0.0409633
0.343346
0.888409
0.560901
0.513787
0.916815
0.848425
0.434279
0.720894
0.780834
0.991246
0.472026
0.592315
0.247917
0.722106
0.351206
0.133058
0.777157
0.352519
0.709835
0.814753
0.656072
0.352936
0.930073
0.469881
0.19803
0.956024
0.658857
0.682835
0.759941
0.311988
0.723798
0.103287
0.200397
0.284699
0.617074
0.117212
0.133125
0.0513532
0.838106
0.913959
0.0425989
0.310132
0.506274
0.290516
0.0322382
0.857481
0.423574
0.809396
0.21
0.133409
0.624148
0.866072
0.486345
0.554221
0.335953
0.684375
0.510245
0.994811
0.36721
0.270186
0.306798
0.0910087
0.373474
0.507195
0.375708
0.990548
0.624408
0.508833
0.0419013
0.462514
0.422791
0.0845002
0.772646
0.929066
0.375016
0.804884
0.786546
0.79859
0.61428
0.996546
0.931999
0.238428
0.862618
0.418344
0.792649
0.198572
0.102719
0.302894
0.193382
0.469929
0.573081
0.500181
0.560938
0.946554
0.00737631
0.936646
0.937103
0.631784
0.445479
0.979004
0.0942978
0.86827
0.0635039
0.866944
0.797336
0.43852
0.671828
0.583882
0.237109
0.286108
0.580428
0.169108
0.524536
0.443047
0.587452
0.317185
0.641618
0.690171
0.62008
0.835001
0.160101
0.19316
0.335182
0.721039
0.139715
0.342558
0.657685
0.0768175
0.974342
0.103164
0.0558212
0.0686397
0.971434
0.119325
0.935584
0.76877
0.557845
0.607412
0.352652
0.794954
0.89352
0.933081
0.964062
0.418056
0.376127
0.551514
0.735241
0.0177455
0.241685
0.355321
0.852746
0.401786
0.548481
0.187928
0.122825
0.688196
0.530486
0.78051
0.765013
0.504828
0.883674
0.820835
0.573467
0.855108
0.94016
0.509051
0.623878
0.498005
0.116463
0.97653
0.292959
0.00998254
0.909611
0.257021
0.428038
0.285738
0.808536
0.163279
0.303483
0.0502209
0.5186
0.15623
0.452007
0.0670807
0.344158
0.574832
0.755277
0.874643
0.355341
0.52029
0.379471
0.239015
0.341125
0.952939
0.0941229
0.281284
0.46199
0.718001
0.779289
0.578453
0.694531
0.0722478
0.588435
0.604141
0.329269
0.0164734
0.889879
0.137805
0.179753
0.193362
0.188025
0.698352
0.349592
0.640032
0.765433
0.693749
0.214864
0.52071
0.568393
0.570205
0.0409995
0.947864
0.809221
0.382124
0.900803
0.903343
0.663408
0.362792
0.621344
0.442697
0.941245
0.315875
0.514945
0.52968
0.920016
0.844214
0.546154
0.809895
0.982019
0.725906
0.00325741
0.170044
0.424258
0.352849
0.810077
0.189691
0.0465985
0.0249407
0.710401
0.614991
0.595146
0.751401
0.562855
0.404367
0.133525
0.463658
0.30771
0.796933
0.82645
0.929054
0.239631
0.767695
0.244929
0.754576
0.297376
0.164945
0.59879
0.843529
0.974841
0.580809
0.569436
0.978098
0.750853
0.993694
0.330947
0.56093
0.183385
0.377546
0.58587
0.893787
0.992537
0.181017
0.645187
0.555392
0.585383
0.778712
0.0190501
0.893093
0.575645
0.845501
0.822148
0.815275
0.613196
0.067077
0.569851
0.910572
0.232022
0.168641
0.754101
0.206863
0.74945
0.323537
0.184961
0.500303
0.317231
0.515908
0.0612326
0.500616
0.893454
0.647103
0.394403
0.885991
0.82812
0.0395897
0.441383
0.413503
0.818301
0.460433
0.306597
0.393946
0.305934
0.128744
0.209222
0.91913
0.195821
0.779073
0.829702
0.427844
0.947714
0.583803
0.634707
0.697164
0.907339
0.819668
0.197466
0.22457
0.335577
0.258699
0.725186
0.229031
0.905802
0.119589
0.115022
0.733922
0.159178
0.556406
0.147425
0.97748
0.016839
0.454021
0.371426
0.322773
0.582766
0.580648
0.241903
0.778587
0.35972
0.0716047
0.206431
0.307434
0.655407
0.841138
0.00459764
0.562747
0.660806
0.202064
0.787317
0.996383
0.460763
0.512503
0.225414
0.366565
0.632091
0.340436
0.100487
0.79127
0.896842
0.247912
0.768749
0.913681
0.701933
0.140176
0.236454
0.284699
0.720823
0.478357
0.0632863
0.0805436
0.549961
0.269717
0.387978
0.205369
0.110855
0.392575
0.768115
0.771661
0.594639
0.555432
0.768044
0.0554026
0.0679345
0.993458
0.421968
0.700026
0.333894
0.522455
0.491295
0.230736
0.770367
0.260045
0.144416
0.472301
0.40022
0.38087
0.757
0.121044
0.859226
0.820286
0.201587
0.409187
0.0900033
0.589565
0.614556
0.200859
0.98214
0.382671
0.97252
0.57678
0.938103
0.740564
0.632182
0.00603768
0.734022
0.0541503
0.706063
0.0679162
0.576605
0.197359
0.298652
0.346972
0.457404
0.443068
0.819273
0.857624
0.823937
0.576273
0.978668
0.683163
0.396559
0.180255
0.0923508
0.486562
0.76982
0.706907
0.687421
0.75196
0.089578
0.659941
0.32874
0.0276811
0.400505
0.960923
0.0337188
0.134527
0.015073
0.739782
0.202443
0.591678
0.937141
0.501095
0.938651
0.394545
0.944163
0.757924
0.252169
0.7681
0.334197
0.230837
0.451263
0.730756
0.411092
0.543614
0.217318
0.180912
0.250521
0.904738
0.932873
0.340099
0.564679
0.261613
0.36778
0.965184
0.222535
0.401499
0.0997105
0.237608
0.141281
0.302154
0.829287
0.0784221
0.803248
0.767938
0.472967
0.747411
0.525862
0.725136
0.515511
0.860058
0.955973
0.966774
0.590814
0.367064
0.510389
0.808132
0.547976
0.76091
0.71287
0.480849
0.101008
0.277549
0.742462
0.468788
0.242732
0.964997
0.870287
0.342443
0.202606
0.0115683
0.644597
0.0318924
0.0899904
0.447845
0.79983
0.562957
0.195256
0.325692
0.288093
0.710767
0.18575
0.244066
0.677541
0.776564
0.61113
0.18793
0.584696
0.159107
0.94884
0.297565
0.639955
0.0498481
0.575114
0.382417
0.518637
0.817846
0.347414
0.388924
0.160289
0.55002
0.400492
0.804886
0.581912
0.490483
0.252731
0.381742
0.0534399
0.447987
0.707434
0.341533
0.158754
0.893184
0.585599
0.836295
0.669748
0.196729
0.0242256
0.254444
0.355835
0.973065
0.552009
0.995791
0.0229134
0.127124
0.378208
0.54155
0.94497
0.725622
0.930474
0.105259
0.275642
0.330966
0.910145
0.857555
0.821449
0.162876
0.239297
0.874888
0.610863
0.946731
0.216421
0.769617
0.839916
0.80202
0.605912
0.509664
0.998749
0.630138
0.764108
0.354585
0.603203
0.316117
0.350375
0.626117
0.443241
0.728584
0.167667
0.388211
0.454206
0.0981405
0.49347
0.729848
0.429106
0.403615
0.587403
0.250555
0.566492
0.8267
0.125443
0.177355
0.773431
0.341865
0.946972
0.613347
0.143885
0.552884
0.123011
0.142634
0.183022
0.887119
0.497219
0.786226
0.203236
0.847594
0.412342
0.646477
0.576178
0.580009
0.0346876
0.0303839
0.67815
0.528158
0.760232
0.107256
0.931773
0.347635
0.357811
0.498265
0.174335
0.483254
0.675619
0.947766
0.825119
0.622591
0.561112
0.969005
0.175475
0.684123
0.111639
0.358497
0.571241
0.608858
0.144723
0.774477
0.456452
0.557065
0.420954
0.0326302
0.137074
0.455641
0.0630141
0.815224
0.983799
0.823246
0.92248
0.915572
0.170881
0.280291
0.413837
0.345216
0.763545
0.0894567
0.292981
0.588665
0.712048
0.854093
0.557669
0.887523
0.538216
0.669308
0.24602
0.109457
0.278166
0.390743
0.883934
0.734618
0.947808
0.304888
0.767248
0.0848822
0.760529
0.830262
0.900106
0.744329
0.653508
0.822586
0.659901
0.824389
0.102876
0.0737384
0.169605
0.866421
0.163195
0.462587
0.455086
0.875243
0.31668
0.0127551
0.762766
0.854896
0.682063
0.00878595
0.964353
0.960229
0.399529
0.848288
0.694847
0.347337
0.153176
0.462095
0.432219
0.913705
0.292357
0.332325
0.658034
0.945865
0.154911
0.317935
0.770255
0.257787
0.391673
0.93986
0.124209
0.554869
0.402447
0.579295
0.430111
0.719127
0.59205
0.192877
0.574023
0.274113
0.201663
0.538376
0.234342
0.601192
0.386664
0.929189
0.948529
0.539839
0.391284
0.380749
0.453545
0.683641
0.713074
0.111578
0.629506
0.867985
0.429513
0.399761
0.125772
0.821187
0.339621
0.24998
0.376055
0.742068
0.829275
0.806167
0.461195
0.421325
0.999044
0.0352175
0.695438
0.200707
0.573593
0.92978
0.801899
0.960257
0.858968
0.750429
0.500096
0.250252
0.131177
0.953641
0.933892
0.844251
0.0652193
0.563399
0.712236
0.494733
0.96316
0.838007
0.315919
0.302781
0.0879879
0.691975
0.044849
0.917263
0.498141
0.506044
0.338588
0.497185
0.541261
0.0340257
0.697892
0.114855
0.963805
0.499792
0.0751118
0.822774
0.25022
0.575208
0.0730255
0.381397
0.528849
0.00691797
0.225648
0.594069
0.570317
0.937884
0.0888012
0.533476
0.775891
0.404721
0.836257
0.863879
0.0966951
0.881106
0.781142
0.594836
0.38715
0.11973
0.0920216
0.928411
0.153756
0.789914
0.0432655
0.117561
0.289706
0.118377
0.940335
0.539926
0.693586
0.0133605
0.921323
0.222435
0.0202784
0.146972
0.816503
0.590595
0.0848554
0.905305
0.124071
0.860747
0.310025
0.960328
0.724626
0.40672
0.841434
0.505768
0.00155677
0.228584
0.625498
0.0935784
0.156995
0.779254
0.883492
0.200261
0.896815
0.173198
0.318638
0.83715
0.713124
0.0122235
0.850511
0.634447
0.234658
0.870789
0.781419
0.0511618
0.461384
0.866274
0.956466
0.585455
0.727021
0.266492
0.545784
0.451647
0.673212
0.387218
0.957415
0.674769
0.615802
0.582914
0.768347
0.772797
0.362168
0.65184
0.973058
0.258983
0.825038
0.291696
0.0961336
0.538162
0.303919
0.946644
0.172609
0.538577
0.817434
0.954028
0.589739
0.278818
0.820302
0.546206
0.864273
0.547323
0.812697
0.410057
0.99897
0.485909
0.797275
0.956386
0.160678
0.413077
0.539299
0.929025
0.185874
0.901467
0.580865
0.158932
0.16045
0.405903
0.450628
0.256584
0.944065
0.754547
0.203228
0.116674
0.293124
0.0206619
0.0707018
0.882864
0.29948
0.891004
0.429069
0.163753
0.438327
0.241767
0.57381
0.437298
0.727676
0.371084
0.393683
0.888354
0.784162
0.932983
0.817379
0.970036
0.83445
0.398244
0.128968
0.9949
0.804147
0.579596
0.251484
0.748212
0.334143
0.454712
0.864886
0.627267
0.475374
0.935587
0.510131
0.774854
0.826591
0.9392
0.938607
0.264919
0.180967
0.512416
0.702216
0.908643
0.883501
0.0958999
0.796997
0.667662
0.0288826
0.614376
0.637698
0.863332
0.0126207
0.766666
0.858233
0.816768
0.346262
0.109717
0.56498
0.680405
0.564429
0.429866
0.307672
0.0398036
0.365453
0.817803
0.814657
0.192045
0.757003
0.753264
0.456963
0.93797
0.265681
0.15918
0.846613
0.149181
0.25508
0.643609
0.816844
0.283962
0.257986
0.454542
0.147295
0.270606
0.221208
0.00552755
0.0873745
0.56747
0.115244
0.652354
0.247875
0.679674
0.0822199
0.555547
0.719477
0.447673
0.373349
0.534135
0.639718
0.130352
0.287399
0.096681
0.0683222
0.55308
0.255861
0.914935
0.702261
0.510941
0.558544
0.519105
0.794903
0.81653
0.973646
0.942198
0.0871364
0.194854
0.947725
0.174511
0.762324
0.0629698
0.826865
0.0101988
0.742643
0.909085
0.565745
0.462121
0.356758
0.939095
0.996256
0.996476
0.069447
0.283655
0.0931568
0.137769
0.836734
0.349018
0.0527039
0.538995
0.859958
0.611248
0.0580995
0.654861
0.427778
0.0317459
0.597059
0.514914
0.2266
0.544784
0.689425
0.988924
0.607754
0.51629
0.999123
0.350398
0.425376
0.564869
0.812518
0.782134
0.503963
0.808774
0.778609
0.57341
0.0924285
0.871766
0.711179
0.929163
0.220784
0.763883
0.468158
0.0807421
0.375131
0.526257
0.735603
0.802909
0.558003
0.332662
0.317824
0.784603
0.877447
0.00724909
0.773528
0.485201
0.52354
0.772651
0.835598
0.948915
0.337519
0.648117
0.731049
0.841483
0.456891
0.509658
0.414893
0.549319
0.381424
0.126072
0.478482
0.602208
0.889956
0.94664
0.68295
0.265087
0.472897
0.418554
0.0679967
0.0308996
0.751216
0.385821
0.815503
0.628662
0.39307
0.589031
0.113863
0.916609
0.361681
0.949462
0.865524
0.699201
0.597578
0.596573
0.540684
0.0544693
0.106231
0.955577
0.603789
0.487656
0.0816491
0.0822705
0.0898638
0.971605
0.02891
0.772814
0.236692
0.501807
0.191368
0.304689
0.532706
0.942583
0.690509
0.348209
0.571246
0.083579
0.93724
0.685109
0.000188154
0.298921
0.634571
0.865712
0.998122
0.232149
0.462285
0.538806
0.286619
0.568516
0.494382
0.890407
0.056172
0.576031
0.972678
0.146036
0.547636
0.00158771
0.91885
0.784329
0.503394
0.110218
0.0890174
0.0361006
0.0528011
0.779527
0.38431
0.624047
0.863106
0.321549
0.309156
0.863294
0.62047
0.943727
0.729006
0.618592
0.175876
0.191292
0.157398
0.462495
0.759808
0.651781
0.352902
0.81598
0.227812
0.32558
0.962016
0.775448
0.327167
0.880866
0.559777
0.830562
0.991083
0.648794
0.866662
0.0438845
0.428321
0.250972
0.667932
0.291427
0.572522
0.977088
0.154721
0.192992
0.920815
0.883727
0.811585
0.0966911
0.0750187
0.968983
0.559186
0.834827
0.620763
0.912088
0.650807
0.848575
0.237668
0.612823
0.624024
0.564835
0.493689
0.183801
0.395397
0.484772
0.832595
0.26206
0.528657
0.260916
0.513032
0.196588
0.552343
0.0855533
0.173676
0.707064
0.278545
0.0944905
0.590791
0.0901299
0.191182
0.66581
0.0591126
0.750368
0.500637
0.679876
0.662456
0.151444
0.528451
0.900123
0.764266
0.152475
0.464959
0.257955
0.336276
0.860356
0.742727
0.168871
0.122415
0.271383
0.429787
0.635447
0.467972
0.98213
0.721
0.641647
0.689194
0.999546
0.736138
0.279985
0.0896757
0.927319
0.945795
0.148788
0.677687
0.446432
0.828664
0.340143
0.597875
0.357115
0.240266
0.362142
0.50959
0.705225
0.620097
0.845866
0.56558
0.362824
0.0147365
0.687996
0.634207
0.444523
0.323443
0.102179
0.426654
0.0444434
0.743826
0.115848
0.0439892
0.479964
0.395833
0.133665
0.407283
0.341628
0.282453
0.0849701
0.78806
0.111117
0.425113
0.385936
0.468232
0.665379
0.748077
0.977823
0.370603
0.368174
0.823688
0.936184
0.730997
0.838425
0.62418
0.365204
0.282948
0.947622
0.467383
0.709602
0.992066
0.211209
0.82545
0.036055
0.691173
0.221283
0.16972
0.0984558
0.562911
0.452173
0.183426
0.350971
0.56329
0.608539
0.736907
0.0315225
0.273917
0.484984
0.00934507
0.64452
0.853158
0.833033
0.580704
0.584155
0.671458
0.204884
0.94936
0.954406
0.152506
0.416743
0.664008
0.144572
0.627951
0.489458
0.180627
0.319124
0.710741
0.350347
0.41758
0.273652
0.80252
0.601006
0.624623
0.36581
0.209544
0.36153
0.397332
0.483461
0.846514
0.406678
0.127982
0.699672
0.239711
0.708686
0.283827
0.911169
0.91357
0.233187
0.865576
0.0660759
0.64993
0.529584
0.210648
0.277881
0.0190421
0.391275
0.597005
0.729783
0.741622
0.0145851
0.00343507
0.544142
0.615591
0.628058
0.909951
0.825135
0.989588
0.307284
0.308597
0.836103
0.713962
0.436578
0.535775
0.953672
0.145265
0.819602
0.864842
0.0588342
0.0527891
0.730417
0.12491
0.702719
0.260001
0.335558
0.9806
0.279043
0.726833
0.577605
0.00882632
0.468455
0.59219
0.0122614
0.0125961
0.207781
0.64032
0.922548
0.0329159
0.629908
0.229832
0.341512
0.466011
0.943793
0.778091
0.00178564
0.897465
0.923355
0.821388
0.762307
0.98219
0.874177
0.492724
0.1071
0.576895
0.752725
0.442658
0.557495
0.0317686
0.169491
0.1351
0.0405949
0.637945
0.72729
0.0528563
0.650541
0.935071
0.693176
0.573089
0.967987
0.323084
0.80292
0.309499
0.789095
0.746713
0.0875903
0.790881
0.644179
0.0109457
0.612269
0.406486
0.993135
0.486445
0.89921
0.100235
0.0633408
0.651935
0.542893
0.620836
0.683704
0.712384
0.755936
0.724299
0.350329
0.483226
0.777155
0.000869794
0.418297
0.470331
0.573959
0.386284
0.793416
0.376879
0.695783
0.582511
0.123592
0.783374
0.373392
0.767771
0.794319
0.98566
0.174257
0.787455
0.472105
0.0734668
0.88769
0.535446
0.725402
0.430583
0.156282
0.409106
0.142967
0.912218
0.133405
0.493295
0.395445
0.91056
0.494165
0.813742
0.380891
0.0681235
0.200026
0.174307
0.445002
0.895809
0.756817
0.568595
0.679183
0.130209
0.336366
0.473503
0.115869
0.510622
0.260958
0.587975
0.584089
0.148648
0.123421
0.309491
0.579231
0.279703
0.718598
0.722197
0.191922
0.852002
0.215493
0.587366
0.762562
0.709658
0.401108
0.143454
0.777781
0.601134
0.317761
0.222783
0.496944
0.074578
0.791378
0.176127
0.204787
0.127744
0.64963
0.320656
0.638366
0.910587
0.908631
0.222455
0.059235
0.0320519
0.531947
0.638466
0.311755
0.250544
0.360663
0.503677
0.102547
0.576156
0.091043
0.865109
0.285813
0.492151
0.00856302
0.0635942
0.0932855
0.326324
0.286378
0.590229
0.400902
0.0777557
0.766356
0.605689
0.205499
0.415986
0.926345
0.843865
0.326573
0.834976
0.0663208
0.385808
0.867028
0.598268
0.0242739
0.178783
0.848812
0.384937
0.682459
0.951359
0.961093
0.773503
0.816468
0.246906
0.265654
0.825031
0.3105
0.358939
0.151355
0.596878
0.949169
0.552256
0.674633
0.715525
0.157945
0.880133
0.131511
0.0842895
0.723998
0.458084
0.919265
0.790319
0.843892
0.786293
0.388586
0.868166
0.965076
0.237398
0.253103
0.647535
0.188757
0.214195
0.421038
0.00522515
0.461101
0.686692
0.830256
0.771601
0.0456309
0.981611
0.368479
0.9948
0.533867
0.0431124
0.710324
0.691811
0.923245
0.841835
0.776101
0.647243
0.299919
0.695366
0.437562
0.143811
0.481659
0.826149
0.0119768
0.446735
0.0635472
0.26508
0.0942697
0.252304
0.479275
0.515307
0.257529
0.940376
0.201999
0.0877856
0.711978
0.24763
0.0693963
0.0804567
0.242429
0.603263
0.123569
0.952754
0.295075
0.0468143
0.794589
0.0711754
0.694058
0.0945079
0.766541
0.13162
0.238319
0.2482
0.957769
0.250296
0.694935
0.0213157
0.515375
0.789205
0.27362
0.99465
0.304512
0.531149
0.935027
0.506511
0.618935
0.647004
0.754141
0.688331
0.727461
0.99657
0.291595
0.85103
0.949324
0.586669
0.897845
0.743913
0.657844
0.591902
0.838421
0.424386
0.723522
0.0767394
0.672586
0.681291
0.327035
0.367521
0.702606
0.84241
0.156726
0.976226
0.837061
0.461238
0.507376
0.772088
0.967749
0.126311
0.419092
0.72189
0.814642
0.146553
0.71846
0.106237
0.997583
0.667784
0.692906
0.895428
0.411697
0.35075
0.48733
0.250117
0.775136
0.210852
0.326856
0.447722
0.892143
0.653892
0.815244
0.594749
0.496302
0.97197
0.570975
0.333363
0.433208
0.078351
0.105451
0.400957
0.204662
0.524543
0.122847
0.0193041
0.671096
0.841307
0.125541
0.668679
0.509091
0.818447
0.564107
0.920788
0.169197
0.0514374
0.170905
0.944333
0.262289
0.497761
0.392055
0.154432
0.151653
0.207299
0.749181
0.647955
0.179268
0.320156
0.981318
0.612476
0.398507
0.0867684
0.0134328
0.603169
0.611311
0.13628
0.622473
0.282407
0.977587
0.748014
0.951087
0.486678
0.566461
0.515194
0.407465
0.735657
0.566631
0.57837
0.67999
0.828921
0.0761311
0.0720456
0.983353
0.227784
0.279344
0.732533
0.875739
0.458613
0.0526895
0.857056
0.0710885
0.451196
0.943825
0.0845213
0.0543653
0.555136
0.220801
0.676838
0.837543
0.198388
0.424852
0.78863
0.685066
0.991313
0.303823
0.0925309
0.72697
0.870455
0.670901
0.406961
0.699375
0.747032
0.479006
0.682728
0.974816
0.75835
0.415261
0.850554
0.216963
0.467951
0.707611
0.288052
0.919147
0.651435
0.372573
0.973513
0.206571
0.593374
0.650351
0.0441145
0.791762
0.0752027
0.832744
0.476827
0.0665153
0.136568
0.569358
0.793485
0.00702229
0.240259
0.200446
0.706398
0.987291
0.679452
0.389125
0.962107
0.437802
0.804387
0.812661
0.654766
0.272338
0.520272
0.942817
0.191485
0.171708
0.31539
0.164997
0.378279
0.908764
0.815348
0.422394
0.700526
0.890551
0.255138
0.177353
0.957066
0.391705
0.746712
0.750552
0.398728
0.986971
0.950998
0.105125
0.974262
0.63045
0.494251
0.936369
0.0682521
0.298637
0.749031
0.723018
0.570975
0.269303
0.665835
0.76246
0.441011
0.981225
0.927457
0.81929
0.889989
0.742806
0.241683
0.590514
0.633356
0.496821
0.767868
0.590423
0.888526
0.514579
0.340974
0.287253
0.50155
0.291972
0.392379
0.475812
0.922421
0.886629
0.412182
0.990673
0.185267
0.161213
0.713691
0.756242
0.430516
0.379526
0.518702
0.871526
0.36075
0.446159
0.690816
0.250739
0.188965
0.932499
0.841254
0.822321
0.42932
0.609121
0.412743
0.317846
0.123701
0.753718
0.605099
0.625251
0.0456892
0.997478
0.101063
0.96811
0.884107
0.513245
0.958784
0.0693735
0.674458
0.672475
0.825615
0.104973
0.0520003
0.344317
0.976499
0.412751
0.790476
0.667315
0.66349
0.97944
0.599814
0.504743
0.801761
0.0291335
0.113864
0.214505
0.346979
0.237565
0.968222
0.952078
0.862816
0.0139116
0.949556
0.963879
0.982022
0.833663
0.477124
0.940806
0.903036
0.151581
0.613281
0.728652
0.256555
0.665281
0.0729685
0.233054
0.0780314
0.863444
0.900369
0.741521
0.842885
0.500182
0.246264
0.644646
0.529316
0.360128
0.859151
0.876295
0.597693
0.827373
0.828373
0.460509
0.841285
0.777929
0.424388
0.823307
0.611592
0.901512
0.764113
0.514629
0.0530934
0.377393
0.24328
0.309648
0.042674
0.316249
0.542702
0.120705
0.179693
0.44307
0.862226
0.0225781
0.943252
0.10849
0.667224
0.472568
0.468619
0.526375
0.348863
0.0663119
0.353748
0.177236
0.526821
0.195033
0.955166
0.951209
0.0183402
0.566758
0.852721
0.782453
0.0813865
0.905814
0.159846
0.324667
0.215462
0.20252
0.640916
0.758163
0.323225
0.820609
0.201233
0.185452
0.843187
0.144486
0.293942
0.510411
0.617054
0.762561
0.0367867
0.965917
0.828872
0.390535
0.143154
0.355693
0.585568
0.0983195
0.306902
0.603909
0.665077
0.159622
0.386361
0.746464
0.0654364
0.546207
0.0711308
0.280898
0.748728
0.712047
0.0390614
0.071953
0.532656
0.240295
0.257405
0.375843
0.384781
0.551347
0.886254
0.00183486
0.313907
0.923041
0.967752
0.14278
0.313576
0.110906
0.498473
0.899144
0.209225
0.805375
0.503053
0.874303
0.964998
0.889414
0.620767
0.0304339
0.435622
0.691897
0.311332
0.184349
0.403944
0.350394
0.256302
0.9366
0.590688
0.513707
0.312442
0.975469
0.0650537
0.198697
0.977304
0.378961
0.121737
0.945056
0.521741
0.435313
0.0559622
0.020214
0.334458
0.265188
0.825589
0.837511
0.13949
0.790587
0.726925
0.760257
0.821021
0.162547
0.452155
0.132353
0.346896
0.856099
0.482746
0.603198
0.792698
0.0734345
0.116905
0.10514
0.0489036
0.181959
0.303837
0.0262075
0.56092
0.425575
0.971264
0.0826608
0.860888
0.0272258
0.102875
0.195346
0.292413
0.928464
0.0328564
0.431904
0.71905
0.759781
0.192161
0.540071
0.922328
0.644316
0.672424
0.269224
0.500414
0.15517
0.872422
0.293112
0.228604
0.989328
0.398253
0.277508
0.171286
0.70209
0.303715
0.732206
0.127664
0.274979
0.814867
0.988552
0.302205
0.917742
0.183898
0.594618
0.846206
0.216754
0.0265223
0.565256
0.976536
0.218683
0.105327
0.898864
0.862999
0.777751
0.168088
0.363413
0.932921
0.0405101
0.656525
0.161525
0.0298376
0.0547781
0.439033
0.201124
0.756868
0.742748
0.93333
0.884532
0.0177273
0.748198
0.873085
0.319932
0.665939
0.0569827
0.914551
0.512145
0.273737
0.941073
0.0774016
0.250273
0.159756
0.182729
0.149137
0.022755
0.96048
0.317225
0.386168
0.893401
0.357735
0.0426933
0.0549258
0.387573
0.0974714
0.493959
0.588697
0.854339
0.236707
0.522027
0.738872
0.254434
0.270225
0.611956
0.574367
0.936164
0.668939
0.488917
0.448309
0.942676
0.42999
0.525711
0.192949
0.589746
0.70844
0.342086
0.612501
0.66892
0.659311
0.998669
0.562321
0.0170458
0.0413625
0.617247
0.404618
0.138834
0.111205
0.993315
0.993173
0.347912
0.515342
0.732045
0.602347
0.785567
0.344001
0.176713
0.721731
0.0129397
0.66563
0.17004
0.955616
0.0956202
0.695751
0.148565
0.685366
0.404191
0.490651
0.297867
0.0731111
0.149962
0.296537
0.635432
0.167008
0.337899
0.252678
0.571626
0.476733
0.363884
0.564941
0.469906
0.711796
0.080283
0.201951
0.314143
0.86585
0.545951
0.490856
0.58758
0.558891
0.156486
0.75762
0.514507
0.252106
0.453371
0.663072
0.937473
0.857563
0.153723
0.23534
0.930674
0.303684
0.531877
0.566106
0.470692
0.869776
0.818784
0.042318
0.346509
0.182668
0.607259
0.816415
0.894464
0.687542
0.0183658
0.208607
0.553392
0.564317
0.699463
0.140972
0.123208
0.855949
0.898592
0.637715
0.108055
0.351964
0.300787
0.0455282
0.209526
0.45451
0.280868
0.1402
0.758194
0.812745
0.706305
0.228886
0.682521
0.525089
0.271204
0.0290304
0.707757
0.878463
0.845446
0.602221
0.566005
0.863811
0.810828
0.119397
0.428129
0.510291
0.260368
0.551337
0.36624
0.158961
0.189052
0.474295
0.510924
0.489839
0.519823
0.720451
0.944349
0.800692
0.860651
0.702544
0.613437
0.566956
0.93143
0.295959
0.0920454
0.202634
0.324989
0.799803
0.0810973
0.170435
0.402024
0.647102
0.034246
0.212852
0.766499
0.462375
0.723143
0.0268674
0.0137117
0.0893829
0.185828
0.202764
0.563678
0.696752
0.692604
0.0835016
0.417203
0.636953
0.884193
0.277854
0.339496
0.497631
0.84481
0.270926
0.793589
0.936855
0.47356
0.118578
0.736658
0.554658
0.289013
0.138682
0.20176
0.323259
0.351534
0.968259
0.785634
0.0746768
0.995127
0.799345
0.16406
0.180955
0.00210928
0.727738
0.877707
0.694713
0.81124
0.29491
0.331666
0.695433
0.572764
0.671162
0.193064
0.417573
0.942088
0.986653
0.354428
0.415649
0.105231
0.0910859
0.970306
0.394244
0.229768
0.172066
0.717503
0.581301
0.140325
0.503137
0.655978
0.135452
0.302482
0.820038
0.316407
0.304591
0.547776
0.194114
0.999304
0.359015
0.489024
0.33097
0.0544483
0.0617875
0.00213166
0.247512
0.479361
0.94422
0.234165
0.833789
0.359868
0.339396
0.924875
0.330175
0.73364
0.154642
0.502241
0.451144
0.735944
0.642566
0.954281
0.391922
0.778018
0.256763
0.21196
0.0944249
0.561354
0.759735
0.288539
0.560658
0.118751
0.777562
0.891628
0.173199
0.83935
0.893759
0.420711
0.318711
0.837979
0.654876
0.152499
0.197847
0.994272
0.0773743
0.528022
0.727912
0.232017
0.0302629
0.179056
0.96796
0.672829
0.133337
0.359882
0.450848
0.390099
0.571842
0.545272
0.951453
0.331577
0.833811
0.512111
0.450328
0.611373
0.403739
0.623526
0.450723
0.297498
0.0442373
0.769434
0.135477
0.699113
0.921933
0.333324
0.693385
0.999307
0.861346
0.421297
0.231324
0.891609
0.600353
0.199284
0.564439
0.73369
0.559166
0.0152861
0.123789
0.131008
0.560559
0.0752421
0.462585
0.39437
0.587353
0.912912
0.00574287
0.991092
0.536439
0.456466
0.288589
0.580676
0.2259
0.424066
0.279789
0.147833
0.757391
0.973174
0.147141
0.618737
0.394471
0.378465
0.510346
0.994824
0.577749
0.0747849
0.728514
0.136915
0.090071
0.852303
0.267923
0.65063
0.927545
0.730507
0.044999
0.514898
0.643419
0.0507419
0.50599
0.179858
0.507208
0.794579
0.760534
0.733108
0.218645
0.0403227
0.880941
0.976036
0.0134964
0.0280813
0.594773
0.407967
0.406546
0.105119
0.402791
0.984295
0.179904
0.131306
0.12121
0.269975
0.983609
0.389132
0.920605
0.911154
0.11964
0.965604
0.426052
0.763059
0.0163455
0.932042
0.942917
0.523553
0.726621
0.703451
0.256661
0.945266
0.743774
0.137602
0.921302
0.75727
0.165683
0.516075
0.165237
0.572229
0.621194
0.568029
0.556524
0.801098
0.699334
0.677733
0.0710734
0.682943
0.0668657
0.991678
0.594097
0.186505
0.957282
0.0201492
0.949564
0.973627
0.952191
0.892482
0.497181
0.678812
0.595933
0.753842
0.624078
0.339706
0.891444
0.54538
0.0969766
0.0571268
0.0614554
0.262214
0.629356
0.68265
0.830243
0.18588
0.483748
0.529577
0.863613
0.554821
0.21252
0.930478
0.546499
0.806617
0.116984
0.503781
0.826767
0.0665482
0.477408
0.778958
0.95903
0.974588
0.45777
0.554962
0.72843
0.0818479
0.894669
0.619874
0.627228
0.991645
0.677001
0.688684
0.25386
0.306356
0.371333
0.0841025
0.492236
0.855081
0.61368
0.355849
0.409902
0.8262
0.286327
0.956402
0.632818
0.403311
0.460182
0.459584
0.469859
0.93759
0.238542
0.428889
0.912179
0.696311
0.983851
0.640609
0.778159
0.87852
0.260483
0.405387
0.870166
0.937483
0.094071
0.124025
0.24384
0.465404
0.208128
0.736075
0.320485
0.821808
0.0919242
0.730388
0.648008
0.378251
0.686789
0.280825
0.781562
0.146971
0.740409
0.251422
0.0845617
0.978951
0.680311
0.99674
0.675262
0.664162
0.637349
0.453421
0.542683
0.897832
0.858809
0.412848
0.835315
0.95288
0.536874
0.0791544
0.418284
0.745002
0.81523
0.738769
0.566809
0.907154
0.469157
0.214817
0.285405
0.155946
0.495642
0.0669679
0.302917
0.236052
0.31839
0.387479
0.215003
0.9987
0.384219
0.890265
0.662863
0.0215682
0.343686
0.205545
0.9194
0.202495
0.618394
0.754715
0.155375
0.155267
0.833869
0.573658
0.900269
0.649099
0.312427
0.467078
0.556253
0.781584
0.681895
0.841658
0.93753
0.177538
0.908626
0.240447
0.413589
0.227016
0.627925
0.628592
0.225716
0.0121445
0.518857
0.888579
0.0337126
0.862543
0.0941243
0.953112
0.0650384
0.712518
0.707827
0.220413
0.867785
0.541696
0.794072
0.768054
0.190795
0.106499
0.235132
0.747048
0.888083
0.917027
0.588706
0.825613
0.0945647
0.497332
0.0660594
0.508154
0.724348
0.693985
0.136746
0.950065
0.706129
0.655603
0.838644
0.739842
0.518147
0.932768
0.692954
0.583185
0.645286
0.400781
0.803598
0.513071
0.942478
0.59767
0.281125
0.133272
0.704169
0.516257
0.88032
0.592252
0.433284
0.469026
0.417864
0.527848
0.966359
0.483924
0.0360024
0.690707
0.177908
0.172748
0.640771
0.884038
0.828352
0.479415
0.623879
0.346498
0.412183
0.316834
0.929683
0.0574686
0.717615
0.733281
0.570539
0.660093
0.330951
0.851664
0.793365
0.0351193
0.367921
0.673685
0.627371
0.801204
0.142712
0.0452352
0.329053
0.10907
0.529159
0.365055
0.799777
0.707067
0.537804
0.440549
0.591105
0.366155
0.919964
0.214984
0.712654
0.332147
0.531818
0.642337
0.389615
0.249433
0.375618
0.960155
0.909526
0.706569
0.811819
0.702891
0.741688
0.179739
0.376576
0.369059
0.980944
0.519288
0.414294
0.309997
0.628359
0.943453
0.675052
0.428136
0.65052
0.212856
0.868685
0.241625
0.579011
0.788648
0.456609
0.291665
0.120795
0.988427
0.934002
0.51041
0.237861
0.30962
0.470565
0.147387
0.0161883
0.282384
0.850278
0.757876
0.462123
0.226854
0.126935
0.443067
0.746142
0.54123
0.753064
0.374501
0.484683
0.428116
0.802637
0.135203
0.640972
0.671321
0.376828
0.219983
0.45997
0.833437
0.511648
0.580765
0.821865
0.445649
0.0911755
0.0597253
0.755269
0.561741
0.207112
0.771457
0.844125
0.0573896
0.529333
0.306248
0.284244
0.656269
0.749315
0.0303861
0.197498
0.502379
0.404887
0.682181
0.930495
0.207524
0.817383
0.571466
0.878845
0.194211
0.791449
0.338815
0.0276482
0.303097
0.91958
0.849513
0.748746
0.0107557
0.909238
0.504015
0.572496
0.11635
0.275471
0.416621
0.17374
0.804805
0.722869
0.457983
0.461073
0.472184
0.488369
0.658571
0.974562
0.893256
0.340752
0.905057
0.10078
0.158135
0.476524
0.979625
0.352346
0.267973
0.31844
0.379995
0.57107
0.23802
0.229507
0.319816
0.248776
0.138745
0.82383
0.821272
0.255095
0.0993015
0.237893
0.428835
0.904106
0.960762
0.886818
0.365179
0.432946
0.375188
0.0237506
0.407508
0.268444
0.364503
0.312565
0.369224
0.522638
0.789089
0.348849
0.874984
0.057062
0.66729
0.254979
0.628132
0.90531
0.484486
0.947947
0.154086
0.623232
0.771778
0.975359
0.878327
0.871079
0.213252
0.307162
0.775185
0.174014
0.19398
0.140365
0.60696
0.569168
0.164115
0.014468
0.837612
0.528618
0.327033
0.206836
0.0512556
0.116123
0.555685
0.92624
0.173185
0.222974
0.181218
0.801316
0.128284
0.665705
0.749264
0.282371
0.288936
0.521041
0.257729
0.167263
0.39212
0.470981
0.474425
0.167306
0.644995
0.668405
0.30767
0.251955
0.237573
0.471785
0.266423
0.0751841
0.00040304
0.593456
0.28202
0.0516586
0.709579
0.837705
0.977898
0.882764
0.0606791
0.159117
0.68408
0.188963
0.824821
0.433344
0.471334
0.113758
0.954385
0.729063
0.281021
0.346505
0.200044
0.755445
0.513811
0.845039
0.42385
0.821481
0.0969941
0.661423
0.293266
0.363417
0.736607
0.293669
0.956873
0.0186266
0.345328
0.666452
0.856331
0.323226
0.549216
0.91701
0.482343
0.233296
0.105974
0.307164
0.666639
0.577308
0.420922
0.621024
0.306371
0.701942
0.967529
0.506415
0.457388
0.48134
0.351454
0.881238
0.30282
0.448448
0.54266
0.596086
0.811865
0.279267
0.889755
0.768739
0.297894
0.235083
0.435191
0.154225
0.558309
0.984407
0.0712354
0.0406514
0.217702
0.177209
0.347816
0.884341
0.754517
0.768737
0.505365
0.0608879
0.470679
0.472894
0.567303
0.928067
0.954234
0.918757
0.809305
0.257054
0.367206
0.351965
0.85314
0.179071
0.631232
0.742895
0.94781
0.929126
0.977978
0.383
0.083351
0.536287
0.367407
0.154586
0.576938
0.585109
0.331796
0.924754
0.469451
0.0863126
0.693491
0.974816
0.147201
0.16417
0.44771
0.714503
0.0922375
0.401944
0.633261
0.901542
0.658998
0.000466279
0.253507
0.512138
0.179537
0.884739
0.255033
0.127347
0.813866
0.233011
0.510347
0.897217
0.769298
0.877754
0.051803
0.346236
0.462864
0.383599
0.27099
0.932314
0.469911
0.964481
0.90713
0.617112
0.128651
0.35484
0.331615
0.220889
0.756784
0.964876
0.122431
0.415782
0.965342
0.375938
0.92792
0.144879
0.260677
0.182953
0.272226
0.0745429
0.415964
0.782573
0.971759
0.185262
0.660328
0.0235624
0.531498
0.123191
0.407161
0.802487
0.0555058
0.877072
0.766968
0.962636
0.494184
0.895619
0.317476
0.825799
0.116508
0.0742604
0.790675
0.238938
0.490042
0.756017
0.614876
0.417962
0.900896
0.875554
0.600915
0.173123
0.950097
0.0168786
0.955696
0.921856
0.20214
0.616024
0.945418
0.733638
0.739215
0.352579
0.536125
0.794721
0.229651
0.303093
0.757357
0.723835
0.198712
0.0748334
0.549634
0.31522
0.149094
0.340309
0.554158
0.639136
0.0963263
0.169035
0.0570978
0.997223
0.0445881
0.658013
0.170345
0.994685
0.674891
0.126041
0.916541
0.877031
0.742065
0.861959
0.610669
0.48128
0.214538
0.146795
0.276002
0.44419
0.449888
0.0333586
0.168025
0.648601
0.108192
0.71766
0.963821
0.257286
0.0579688
0.517979
0.896422
0.154295
0.687013
0.95352
0.151518
0.731602
0.611532
0.321863
0.726286
0.286423
0.447905
0.642827
0.163454
0.18997
0.504786
0.774124
0.67125
0.719324
0.920919
0.947252
0.163514
0.370807
0.98061
0.33154
0.0194073
0.0888023
0.0491991
0.983228
0.346088
0.107168
0.501207
0.24251
0.261463
0.18822
0.196029
0.412981
0.919822
0.807561
0.734844
0.646108
0.0939844
0.182749
0.288935
0.257439
0.372718
0.793721
0.0315628
0.0439686
0.513046
0.952481
0.99122
0.67656
0.323288
0.971831
0.00809955
0.342696
0.0606329
0.0572987
0.325923
0.406721
0.164467
0.82713
0.649231
0.42593
0.0153507
0.84526
0.838911
0.935173
0.652821
0.573755
0.581281
0.746806
0.756503
0.870216
0.00424445
0.129222
0.663937
0.0358072
0.17319
0.176983
0.988289
0.164411
0.853543
0.311577
0.136241
0.861642
0.654272
0.196874
0.918941
0.980196
0.603595
0.0834078
0.807326
0.252826
0.509337
0.822677
0.0980856
0.348248
0.757849
0.750907
0.922003
0.33913
0.497712
0.678506
0.209346
0.501957
0.807728
0.873284
0.537764
0.980918
0.0502666
0.526053
0.145328
0.903809
0.837629
0.281569
0.765452
0.491902
0.478444
0.684393
0.472097
0.0820386
0.767801
0.279423
0.334864
0.277138
0.1021
0.43295
0.625386
0.85995
0.183857
0.547389
0.19908
0.681569
0.225895
0.408426
0.183526
0.0336223
0.28171
0.72129
0.0145401
0.331977
0.247342
0.159868
0.235786
0.0849717
0.441438
0.00123787
0.576873
0.919881
0.685631
0.0489707
0.00192005
0.453432
0.328394
0.336784
0.73057
0.430494
0.769734
0.355956
0.290444
0.953591
0.903345
0.489524
0.63516
0.129239
0.89795
0.818685
0.162862
0.17966
0.539975
0.177402
0.511637
0.787317
0.33727
0.747423
0.872289
0.778708
0.748661
0.449162
0.69859
0.434292
0.498133
0.70051
0.887723
0.826527
0.0372941
0.618293
0.257022
0.807028
0.974249
0.547466
0.760619
0.877594
0.0369898
0.395779
0.00683299
0.93494
0.214464
0.169695
0.114601
0.754439
0.347097
0.626238
0.541756
0.684367
0.373661
0.414045
0.463075
0.122322
0.863207
0.161665
0.556614
0.36134
0.862175
0.444337
0.187868
0.899469
0.06263
0.444889
0.706497
0.036879
0.992355
0.467116
0.914473
0.0293448
0.862895
0.921306
0.964285
0.0773588
0.0910002
0.0788859
0.831798
0.438097
0.705124
0.373554
0.122464
0.0787847
0.787599
0.585539
0.201107
0.650806
0.747204
0.75772
0.0121469
0.609379
0.202057
0.200014
0.508848
0.264687
0.644904
0.215346
0.301566
0.637259
0.682462
0.216039
0.666604
0.545357
0.137344
0.630889
0.622716
0.228345
0.709775
0.454514
0.666441
0.414898
0.828067
0.788905
0.493683
0.615666
0.374444
0.69479
0.266473
0.121649
0.45251
0.27862
0.731028
0.654567
0.478634
0.239876
0.919254
0.123538
0.455222
0.220821
0.760797
0.137684
0.436859
0.4274
0.683041
0.574204
0.0582887
0.305757
0.802548
0.768063
0.760271
0.468989
0.182962
0.588338
0.257895
0.676645
0.204005
0.632339
0.371434
0.470478
0.753988
0.823944
0.749097
0.485016
0.478511
0.227732
0.724892
0.397765
0.351269
0.180114
0.618586
0.112066
0.317799
0.0554449
0.539466
0.00084006
0.629648
0.597755
0.306597
0.432197
0.365818
0.0668678
0.901186
0.54878
0.655206
0.159081
0.225424
0.85921
0.79142
0.596858
0.329688
0.545408
0.420802
0.0787853
0.0304236
0.899313
0.306517
0.755316
0.297078
0.657786
0.93543
0.915664
0.769852
0.253229
0.971109
0.309319
0.254069
0.600757
0.907074
0.560666
0.0329539
0.272892
0.627534
0.93414
0.821671
0.28274
0.0932206
0.0470957
0.141951
0.88464
0.643954
0.471639
0.430048
0.0647565
0.550424
0.460472
0.96407
0.856941
0.215788
0.261148
0.514727
0.151218
0.176812
0.28458
0.404447
0.147921
0.593898
0.658517
0.748678
0.500972
0.219183
0.781632
0.773863
0.846717
0.715772
0.595535
0.129458
0.808993
0.642631
0.271408
0.693633
0.286585
0.743047
0.123681
0.351341
0.293471
0.584153
0.315411
0.150412
0.799941
0.576559
0.665139
0.951159
0.753371
0.949719
0.355607
0.901292
0.543617
0.0141232
0.64997
0.0445888
0.233306
0.431603
0.818452
0.0800238
0.147375
0.413987
0.209481
0.956368
0.0566178
0.48089
0.650001
0.343203
0.223936
0.773683
0.694544
0.517407
0.357836
0.00995472
0.667819
0.157777
0.586514
0.332958
0.108936
0.339885
0.282676
0.464543
0.241177
0.826293
0.478666
0.891147
0.870882
0.711972
0.32275
0.689334
0.791996
0.470125
0.103322
0.00147747
0.426493
0.159939
0.482367
0.0764948
0.503142
0.706304
0.850178
0.197686
0.223711
0.208014
0.20764
0.89153
0.365791
0.794154
0.224488
0.474727
0.134039
0.507164
0.93927
0.375215
0.333457
0.417936
0.266363
0.20434
0.129908
0.589113
0.893674
0.921904
0.059238
0.996996
0.923382
0.485731
0.156935
0.405749
0.562226
0.660077
0.112052
0.412404
0.857763
0.335763
0.620418
0.0654029
0.227293
0.986209
0.859557
0.45178
0.460936
0.993596
0.958944
0.400206
0.368811
0.292402
0.818141
0.635174
0.496741
0.948049
0.224287
0.390415
0.869954
0.283525
0.387411
0.793335
0.769256
0.544346
0.199084
0.331482
0.204423
0.311136
0.743886
0.062185
0.646899
0.364304
0.127588
0.874192
0.350512
0.987145
0.325972
0.811448
0.980741
0.284916
0.211654
0.349552
0.577318
0.0297951
0.984726
0.0740592
0.977844
0.209012
0.464474
0.847798
0.492537
0.851885
0.641133
0.261793
0.396231
0.840217
0.593275
0.600653
0.151354
0.337161
0.662838
0.798253
0.701465
0.790426
0.672445
0.0519774
0.777571
0.998417
0.863426
0.758312
0.283333
0.0750793
0.107864
0.860651
0.104874
0.0925894
0.93471
0.0827188
0.301602
0.399185
0.930517
0.794138
0.25107
0.57165
0.055931
0.647301
0.411867
0.649206
0.247954
0.563221
0.986367
0.910793
0.361474
0.687832
0.701219
0.0339183
0.739809
0.47879
0.0323351
0.603235
0.237102
0.315668
0.678314
0.344966
0.176319
0.783189
0.437555
0.111029
0.865907
0.739157
0.510214
0.796424
0.533295
0.761284
0.368074
0.589226
0.408584
0.779942
0.238432
0.656539
0.343163
0.224799
0.567331
0.704637
0.912631
0.26855
0.738555
0.65244
0.747341
0.77089
0.255675
0.984443
0.0865581
0.933989
0.329409
0.262877
0.717178
0.766965
0.373907
0.583085
0.506122
0.884121
0.379509
0.0394171
0.645404
0.747584
0.628643
0.053989
0.527526
0.867076
0.710528
0.870688
0.0918749
0.277859
0.575325
0.00450585
0.546409
0.31388
0.656946
0.29375
0.0847698
0.912621
0.278193
0.171328
0.84661
0.607602
0.434205
0.563788
0.374567
0.808112
0.146873
0.880689
0.692233
0.526382
0.920106
0.337637
0.273965
0.54875
0.391626
0.801491
0.415825
0.102154
0.672179
0.5077
0.380012
0.247504
0.512206
0.926422
0.561384
0.169152
0.220172
0.646154
0.0817729
0.498365
0.817482
0.928383
0.105967
0.251687
0.492171
0.480534
0.059799
0.639043
0.361223
0.752032
0.165425
0.281329
0.0896686
0.439391
0.830079
0.481295
0.240881
0.245904
0.583448
0.913061
0.753604
0.963461
0.160565
0.26581
0.889882
0.721949
0.434962
0.110054
0.368103
0.516735
0.608419
0.185585
0.445118
0.714386
0.437272
0.937288
0.19492
0.497071
0.576332
0.556143
0.249103
0.741757
0.837472
0.338771
0.181147
0.667551
0.820066
0.422029
0.913455
0.403514
0.33509
0.667059
0.366975
0.495655
0.932869
0.256857
0.217604
0.367831
0.366911
0.585707
0.884565
0.97533
0.771292
0.329683
0.689716
0.208564
0.266972
0.884636
0.705635
0.843303
0.440779
0.954738
0.58506
0.278252
0.293509
0.766208
0.945803
0.113575
0.188236
0.859258
0.517089
0.523326
0.526317
0.884064
0.0189807
0.459186
0.140921
0.236585
0.827017
0.507833
0.822292
0.711582
0.483163
0.593584
0.0412655
0.172879
0.802148
0.308237
0.0575151
0.507783
0.15154
0.498295
0.46252
0.736601
0.776547
0.756029
0.502808
0.72235
0.869604
0.691044
0.581608
0.386694
0.21437
0.107925
0.270758
0.233351
0.567111
0.411679
0.469936
0.394128
0.919512
0.292227
0.105711
0.402675
0.885811
0.146976
0.575554
0.687959
0.455213
0.633069
0.195741
0.606754
0.131363
0.658262
0.343354
0.90791
0.414291
0.846162
0.63026
0.283895
0.537207
0.211868
0.670589
0.751577
0.319793
0.941347
0.984928
0.886904
0.353026
0.454864
0.281033
0.272537
0.747092
0.386743
0.675212
0.632903
0.53372
0.250765
0.320861
0.988933
0.883834
0.516602
0.595687
0.0151974
0.174864
0.939041
0.923107
0.589155
0.785203
0.553367
0.87305
0.32241
0.765234
0.543639
0.0739872
0.0850271
0.484986
0.0589156
0.971931
0.838012
0.51378
0.252964
0.110549
0.260872
0.639708
0.785761
0.893774
0.173427
0.0365264
0.214635
0.16236
0.920361
0.731238
0.758047
0.935558
0.906102
0.697088
0.858665
0.495257
0.482291
0.412032
0.368307
0.804701
0.177266
0.911947
0.878688
0.262293
0.396933
0.937604
0.234225
0.234944
0.451384
0.487189
0.345494
0.712255
0.126896
0.131254
0.60603
0.300324
0.167781
0.820665
0.462684
0.0881414
0.551903
0.220731
0.0236993
0.458004
0.917819
0.882364
0.953261
0.40011
0.294396
0.321568
0.204811
0.471662
0.233515
0.0834994
0.733956
0.630448
0.0211035
0.96818
0.865392
0.472487
0.455369
0.210886
0.184743
0.582266
0.34214
0.790772
0.882589
0.509921
0.611437
0.345273
0.598063
0.16334
0.566004
0.621762
0.621344
0.483823
0.504126
0.574605
0.883933
0.798523
0.896173
0.0887439
0.270185
0.129688
0.172243
0.00414039
0.760136
0.193347
0.972321
0.625528
0.665834
0.42769
0.836414
0.850577
0.00995537
0.178554
0.641349
0.892545
0.688476
0.252786
0.237818
0.286538
0.416126
0.803822
0.9083
0.0374702
0.287645
0.412426
0.612075
0.171578
0.210949
0.508248
0.260322
0.481134
0.637937
0.432565
0.485274
0.398073
0.625912
0.457595
0.0236012
0.291746
0.885284
0.860015
0.142323
0.89524
0.0385697
0.783672
0.787784
0.727045
0.0364588
0.0256024
0.0135833
0.452585
0.829425
0.921883
0.490055
0.11707
0.33431
0.10213
0.288648
0.545258
0.610379
0.548969
0.0263918
0.248316
0.981535
0.511666
0.646388
0.607447
0.96926
0.66999
0.899193
0.854545
0.530005
0.0415162
0.749785
0.568575
0.825189
0.537569
0.29562
0.861647
0.563172
0.309203
0.314232
0.392596
0.231087
0.804288
0.509666
0.565396
0.906418
0.798313
0.110654
0.516797
0.347283
0.137046
0.765112
0.328818
0.648712
0.411501
0.936264
0.617972
0.0814904
0.835457
0.472517
0.611495
0.876973
0.222302
0.18007
0.702162
0.759871
0.47569
0.563809
0.323043
0.784893
0.878042
0.715639
0.01598
0.682329
0.225304
0.581376
0.588747
0.0236178
0.692031
0.105544
0.370901
0.829077
0.870656
0.699718
0.477789
0.282157
0.635982
0.0957613
0.363647
0.47144
0.568279
0.975143
0.348413
0.790581
0.155213
0.0505751
0.550452
0.630903
0.614384
0.873494
0.415796
0.492426
0.589133
0.431776
0.174756
0.814437
0.0131526
0.763503
0.838055
0.705183
0.869047
0.208956
0.53426
0.739703
0.908674
0.0120489
0.02186
0.544656
0.10781
0.385507
0.0160961
0.676089
0.36065
0.364509
0.46667
0.515863
0.415084
0.0171212
0.146766
0.0294687
0.890615
0.562562
0.521895
0.479748
0.994339
0.696651
0.294186
0.00749139
0.460154
0.132241
0.712675
0.3292
0.341197
0.246935
0.0689035
0.249871
0.258983
0.0907635
0.794527
0.366794
0.476271
0.810623
0.0428826
0.836921
0.175132
0.509552
0.352784
0.590217
0.526673
0.49955
0.619685
0.417289
0.0621118
0.14158
0.897037
0.0564505
0.838231
0.191223
0.0639419
0.298384
0.323464
0.776617
0.627585
0.66466
0.0235511
0.696488
0.914531
0.282535
0.787252
0.709058
0.649328
0.263523
0.519682
0.692211
0.100443
0.694814
0.201763
0.453227
0.285031
0.728436
0.952777
0.904716
0.145725
0.0148884
0.0462961
0.0427618
0.0713389
0.884527
0.233984
0.135281
0.182911
0.557448
0.911897
0.810496
0.222109
0.935448
0.506985
0.13664
0.217983
0.294237
0.845698
0.867311
0.557759
0.36538
0.559522
0.658203
0.0601938
0.761285
0.11143
0.345224
0.489721
0.0642063
0.24994
0.635446
0.0790947
0.296236
0.678208
0.150434
0.180763
0.912192
0.285715
0.363675
0.46964
0.197612
0.174171
0.691749
0.13306
0.681156
0.828388
0.351043
0.975392
0.674086
0.218355
0.533152
0.0394661
0.777877
0.191354
0.0996599
0.539162
0.302784
0.444884
0.0288825
0.36699
0.694825
0.664328
0.446085
0.991061
0.342536
0.596519
0.171825
0.254728
0.882233
0.535499
0.724368
0.079845
0.709671
0.416117
0.212905
0.390826
0.244505
0.563949
0.366219
0.918591
0.782303
0.89937
0.958057
0.56018
0.0907245
0.0577172
0.0993415
0.393508
0.502601
0.128224
0.760499
0.197426
0.792552
0.206584
0.188487
0.135088
0.803102
0.360312
0.389816
0.685335
0.895811
0.114184
0.76518
0.605482
0.5303
0.978086
0.996308
0.774805
0.542035
0.362527
0.693396
0.324338
0.261897
0.651454
0.884518
0.352622
0.709171
0.98386
0.74613
0.211772
0.112084
0.506629
0.409198
0.904636
0.713212
0.597686
0.0397241
0.516314
0.957997
0.42954
0.20165
0.853808
0.543724
0.96683
0.45929
0.0740241
0.944916
0.455598
0.848829
0.486951
0.818125
0.542226
0.811289
0.0800219
0.193679
0.695807
0.432643
0.90285
0.679666
0.178773
0.114622
0.79175
0.685402
0.523821
0.696386
0.398614
0.121506
0.73611
0.914928
0.0795037
0.16565
0.116578
0.933312
0.709374
0.0834086
0.392602
0.783398
0.0283249
0.8482
0.632227
0.515276
0.666325
0.174453
0.326564
0.746347
0.368132
0.0223713
0.17899
0.270982
0.702038
0.357763
0.385604
0.493788
0.0431652
0.909425
0.190173
0.441779
0.0309318
0.926283
0.356708
0.110435
0.0919334
0.473286
0.0437474
0.801307
0.556695
0.436349
0.584705
0.58502
0.284549
0.216932
0.100295
0.950874
0.391385
0.42686
0.69722
0.759517
0.449231
0.87621
0.0304991
0.151269
0.233974
0.416104
0.645056
0.277139
0.325529
0.83523
0.718918
0.356461
0.761513
0.075626
0.466896
0.853446
0.548912
0.510644
0.654754
0.105607
0.946993
0.239459
0.690626
0.231542
0.456391
0.790922
0.182416
0.847776
0.217781
0.879637
0.607293
0.667012
0.755847
0.637792
0.818281
0.989821
0.0538959
0.463337
0.26696
0.379425
0.298567
0.985878
0.735886
0.0600795
0.0615039
0.202782
0.913526
0.610416
0.713425
0.56828
0.716023
0.660418
0.807738
0.406649
0.89196
0.264129
0.197571
0.0743766
0.111906
0.415352
0.954013
0.719199
0.0823643
0.70986
0.356991
0.900645
0.699681
0.410887
0.363982
0.96664
0.790312
0.662549
0.952518
0.526198
0.722628
0.0140222
0.728979
0.636154
0.624438
0.442405
0.204434
0.340461
0.102823
0.0121719
0.74711
0.994784
0.276301
0.944681
0.0691602
0.388207
0.360033
0.0231733
0.107406
0.442397
0.733033
0.464397
0.343042
0.432714
0.875284
0.707024
0.399354
0.665596
0.369573
0.351873
0.191794
0.0922008
0.365895
0.920773
0.728355
0.990333
0.363178
0.932788
0.330794
0.466001
0.94496
0.0779039
0.460785
0.221262
0.0225846
0.529945
0.609469
0.382617
0.553118
0.716874
0.825014
0.286151
0.181271
0.168056
0.718866
0.0565556
0.87508
0.11822
0.722152
0.244653
0.470093
0.913946
0.336854
0.835988
0.834719
0.0652085
0.826321
0.197897
0.997997
0.157115
0.663898
0.942957
0.235019
0.124682
0.164219
0.257603
0.654627
0.773687
0.64022
0.207745
0.490561
0.465235
0.493897
0.671833
0.633291
0.212762
0.728389
0.508371
0.330982
0.45054
0.753024
0.801075
0.364486
0.0898778
0.637063
0.199205
0.155086
0.463384
0.397101
0.153083
0.620498
0.0609993
0.0960401
0.855517
0.185682
0.260259
0.11312
0.840309
0.0339457
0.75334
0.0480544
0.524507
0.218575
0.541951
0.19634
0.851866
0.754714
0.924729
0.360237
0.0856962
0.375269
0.113261
0.886772
0.739755
0.203139
0.523835
0.93896
0.358225
0.987218
0.336061
0.511308
0.607717
0.39706
0.607348
0.463234
0.582742
0.867607
0.576354
0.423051
0.901552
0.329694
0.471106
0.42606
0.548269
0.0130568
0.6224
0.400135
0.76777
0.547128
0.760372
0.853467
0.922397
0.873632
0.740238
0.662152
0.0767709
0.264073
0.601112
0.434996
0.251291
0.937173
0.946304
0.859008
0.334233
0.553652
0.322242
0.916975
0.421259
0.898596
0.340026
0.322811
0.22829
0.811132
0.748871
0.776559
0.824188
0.371271
0.176694
0.591959
0.918399
0.937066
0.445425
0.840796
0.810698
0.185664
0.502948
0.887469
0.449736
0.10406
0.322464
0.701028
0.0412327
0.268768
0.560035
0.375466
0.82242
0.882277
0.292441
0.243679
0.780873
0.632467
0.56649
0.0091624
0.443598
0.315361
0.785721
0.267786
0.686631
0.962415
0.859745
0.60503
0.899481
0.305171
0.445826
0.710179
0.490834
0.948775
0.597648
0.940571
0.0528348
0.920112
0.641598
0.0940675
0.18888
0.201634
0.469533
0.0113004
0.0839107
0.761974
0.254979
0.864783
0.39444
0.821469
0.873946
0.838038
0.13683
0.659667
0.105825
0.823461
0.622083
0.96557
0.428491
0.521564
0.27074
0.874317
0.231743
0.761575
0.823092
0.82939
0.702146
0.875927
0.749502
0.343744
0.969994
0.938382
0.545377
0.439527
0.949683
0.629288
0.201501
0.204662
0.494072
0.595941
0.026131
0.368017
0.43398
0.162961
0.0276844
0.539804
0.986421
0.649767
0.505374
0.414912
0.171331
0.776115
0.289229
0.403073
0.537689
0.112321
0.232463
0.239835
0.988247
0.981965
0.583579
0.958241
0.920348
0.128956
0.397769
0.870031
0.758244
0.59927
0.0746927
0.252316
0.195211
0.100824
0.620333
0.62919
0.263784
0.648017
0.168995
0.250206
0.297785
0.674369
0.665118
0.469115
0.450483
0.954347
0.872188
0.988172
0.0666679
0.104652
0.228007
0.0549153
0.086617
0.811586
0.0131568
0.00696486
0.940542
0.410925
0.876996
0.698786
0.0101951
0.951688
0.951102
0.205406
0.052512
0.571435
0.834596
0.316296
0.219453
0.00359079
0.566502
0.517237
0.677959
0.23162
0.986353
0.128443
0.185967
0.858541
0.116615
0.252635
0.963192
0.344622
0.30755
0.0498095
0.156208
0.320707
0.0567743
0.0967504
0.731633
0.93377
0.795537
0.741828
0.885458
0.746639
0.947234
0.93797
0.318075
0.78183
0.254267
0.537527
0.785421
0.820769
0.0547649
0.46338
0.0523886
0.0411175
0.591822
0.238356
0.899658
0.708437
0.49099
0.862851
0.0530598
0.798541
0.91266
0.209268
0.119248
0.969435
0.306018
0.85088
0.903205
0.101555
0.592708
0.788663
0.848194
0.539941
0.726633
0.166269
0.321771
0.980899
0.703796
0.107192
0.801668
0.758561
0.570572
0.854057
0.799679
0.162394
0.0924123
0.699337
0.870832
0.583403
0.562188
0.923891
0.381943
0.474848
0.133159
0.501191
0.444283
0.439178
0.352071
0.347488
0.540733
0.944779
0.13615
0.388928
0.484721
0.862783
0.555196
0.806492
0.843683
0.258993
0.913683
0.645351
0.0175543
0.484255
0.499408
0.817233
0.646649
0.59182
0.51657
0.517481
0.175223
0.0787585
0.441372
0.557166
0.553607
0.574531
0.0583573
0.99789
0.0137093
0.410429
0.345377
0.554442
0.355208
0.481528
0.94337
0.839928
0.344311
0.498566
0.64642
0.187993
0.757559
0.560103
0.833344
0.775114
0.0443584
0.332752
0.592347
0.691007
0.924572
0.108917
0.208488
0.0997946
0.187676
0.64986
0.656961
0.741283
0.224391
0.715318
0.739172
0.238101
0.125747
0.0845498
0.792543
0.480955
0.566077
0.735913
0.320883
0.910388
0.234479
0.967303
0.0983818
0.992039
0.527407
0.931726
0.767153
0.571765
0.264478
0.359499
0.262772
0.18905
0.468417
0.471261
0.288844
0.656093
0.121121
0.945805
0.397375
0.345512
0.661123
0.136548
0.583613
0.78687
0.221097
0.376156
0.267825
0.787175
0.112069
0.588708
0.697563
0.346549
0.556011
0.795945
0.338587
0.083418
0.727671
0.10574
0.655183
0.992149
0.465239
0.917956
0.181199
0.933656
0.389216
0.470043
0.589749
0.510337
0.415849
0.987124
0.855849
0.0769719
0.123671
0.439462
0.863842
0.344769
0.815618
0.131667
0.131944
0.927687
0.720375
0.829507
0.274235
0.276386
0.625452
0.612823
0.359804
0.353123
0.718563
0.0149872
0.345272
0.183802
0.932943
0.526471
0.117458
0.322159
0.996514
0.707207
0.832496
0.412363
0.694331
0.688344
0.489334
0.818002
0.127806
0.353176
0.162771
0.943424
0.484843
0.294715
0.87111
0.205218
0.124221
0.145346
0.481604
0.749673
0.758169
0.841408
0.102796
0.476731
0.856396
0.448067
0.660534
0.789338
0.974538
0.777992
0.111497
0.971052
0.485199
0.943993
0.383415
0.17953
0.632337
0.872749
0.997532
0.760143
0.225925
0.160303
0.703567
0.710769
0.455018
0.574677
0.915987
0.579239
0.720023
0.397591
0.328913
0.478192
0.239
0.431708
0.954923
0.0953955
0.879776
0.615457
0.884734
0.854314
0.393449
0.996231
0.825366
0.878648
0.940224
0.20878
0.0581781
0.572562
0.0815294
0.0557103
0.332705
0.307455
0.216014
0.0362719
0.0182237
0.671031
0.610949
0.934211
0.250271
0.330973
0.331802
0.579183
0.809165
0.570802
0.0108917
0.764088
0.666197
0.890667
0.379545
0.550931
0.744981
0.772994
0.547163
0.570347
0.651643
0.487387
0.779127
0.709821
0.0599486
0.860657
0.765531
0.392654
0.168112
0.981545
0.428925
0.186335
0.652576
0.0398748
0.120546
0.902847
0.370848
0.452348
0.48203
0.180012
0.0231499
0.492922
0.9441
0.689347
0.38359
0.323646
0.240279
0.128571
0.0966403
0.787441
0.698918
0.748283
0.274829
0.478045
0.458104
0.334777
0.338702
0.223635
0.727431
0.506813
0.205179
0.156356
0.693148
0.857756
0.196231
0.813694
0.760603
0.567078
0.266042
0.242633
0.747091
0.289192
0.735555
0.691191
0.978539
0.119145
0.014837
0.218818
0.247716
0.111477
0.00625965
0.946633
0.85976
0.281088
0.424678
0.317864
0.615865
0.76338
0.541499
0.343296
0.270193
0.746678
0.499652
0.963342
0.604434
0.695883
0.777036
0.365037
0.262961
0.0430785
0.60767
0.0100522
0.332271
0.343225
0.701243
0.31081
0.46237
0.71608
0.529628
0.710085
0.827558
0.535888
0.656718
0.687318
0.816976
0.0813968
0.00518226
0.432841
0.844777
0.546681
0.776137
0.11497
0.29336
0.27579
0.0783121
0.897794
0.971673
0.855348
0.26283
0.234634
0.898427
0.8705
0.244686
0.230697
0.213725
0.94593
0.541508
0.676094
0.66201
0.071136
0.386179
0.489568
0.607024
0.0428977
0.176886
0.424
0.124295
0.182068
0.856842
0.969071
0.728749
0.632979
0.0840417
0.022109
0.908769
0.162354
0.919903
0.880441
0.017702
0.182733
0.115075
0.916129
0.0532324
0.359761
0.146826
0.266957
0.305691
0.688334
0.943051
0.967701
0.75947
0.32923
0.457269
0.366494
0.372128
0.634155
0.790494
0.496423
0.816223
0.647336
0.465494
0.544973
0.280315
0.549536
0.567082
0.189083
0.711889
0.486984
0.0695245
0.729591
0.669717
0.1846
0.64572
0.722949
0.544361
0.792547
0.989906
0.850052
0.48088
0.932957
0.817753
0.24035
0.262188
0.275022
0.606844
0.634316
0.909177
0.397338
0.130739
0.7254
0.0446741
0.596233
0.270373
0.324989
0.145768
0.837454
0.514072
0.857658
0.324439
0.583597
0.587249
0.994156
0.768197
0.232969
0.717105
0.312558
0.0255159
0.707011
0.16261
0.506396
0.639969
0.980363
0.746747
0.902157
0.255385
0.353591
0.536473
0.164562
0.75093
0.667211
0.889962
0.795604
0.263444
0.160335
0.120593
0.409212
0.997789
0.634665
0.26687
0.322228
0.218262
0.854119
0.316384
0.986458
0.0870881
0.0334884
0.299016
0.112604
0.7405
0.461626
0.619
0.380468
0.441989
0.365747
0.282625
0.697374
0.719338
0.819097
0.861936
0.470268
0.486309
0.751898
0.265872
0.749752
0.912233
0.386464
0.158964
0.910023
0.0211291
0.425834
0.232251
0.239391
0.279953
0.548634
0.225849
0.367041
0.582123
0.524865
0.479645
0.322622
0.986491
0.0986449
0.703091
0.428479
0.464392
0.985716
0.125853
0.18373
0.804813
0.987789
0.653998
0.291121
0.739688
0.91987
0.0408737
0.651921
0.306334
0.199838
0.561944
0.327463
0.625672
0.794195
0.566854
0.905624
0.34283
0.792703
0.272665
0.924952
0.317568
0.752309
0.247575
0.304058
0.850954
0.950666
0.732537
0.315346
0.936381
0.858391
0.499077
0.741194
0.84618
0.153075
0.0323155
0.585868
0.0729451
0.0731893
0.23779
0.379279
0.273027
0.799734
0.706742
0.898699
0.593929
0.273596
0.804323
0.936759
0.0662993
0.076988
0.861711
0.383867
0.829297
0.109286
0.687925
0.680252
0.0599517
0.420462
0.995598
0.996333
0.278853
0.494675
0.737527
0.125033
0.64775
0.769842
0.710902
0.720695
0.843032
0.948691
0.0999746
0.116059
0.748425
0.806717
0.0147578
0.342354
0.0803135
0.819081
0.279113
0.146613
0.896069
0.140824
0.53048
0.725366
0.25011
0.218405
0.405618
0.310062
0.638867
0.401216
0.306395
0.91772
0.895892
0.0439215
0.0427536
0.543642
0.813764
0.753655
0.264337
0.656796
0.702346
0.364312
0.772854
0.450771
0.171029
0.787612
0.793125
0.251342
0.606693
0.072238
0.397955
0.502762
0.213062
0.928435
0.228128
0.463172
0.146839
0.633747
0.773234
0.785706
0.0349631
0.0796288
0.703426
0.930855
0.12355
0.74618
0.474496
0.937314
0.499835
0.738834
0.59411
0.202181
0.103145
0.366964
0.652952
0.274174
0.154576
0.446077
0.525516
0.761269
0.518316
0.923471
0.264031
0.731378
0.851906
0.49216
0.19455
0.998745
0.125906
0.967784
0.784451
0.160869
0.0474129
0.487877
0.0917241
0.170963
0.234057
0.566221
0.108277
0.733892
0.305054
0.702387
0.936073
0.408199
0.0693509
0.589025
0.682373
0.223927
0.0351028
0.20789
0.985196
0.553418
0.131361
0.249227
0.284796
0.983266
0.741387
0.479346
0.982011
0.867293
0.44713
0.766462
0.0281627
0.494543
0.254339
0.119887
0.665506
0.488396
0.686107
0.773783
0.222288
0.991161
0.47617
0.158361
0.399361
0.545521
0.747386
0.0817343
0.769448
0.782489
0.289624
0.754644
0.335907
0.420985
0.00387137
0.620703
0.404251
0.745258
0.100049
0.386262
0.612552
0.547179
0.152724
0.640714
0.0417216
0.407063
0.760601
0.707227
0.895459
0.446708
0.481011
0.117746
0.43787
0.95718
0.276107
0.837231
0.502701
0.0234931
0.918965
0.272149
0.805982
0.208589
0.0267932
0.141889
0.629574
0.0306645
0.762592
0.0338246
0.775923
0.862641
0.420087
0.388475
0.40982
0.572811
0.0291889
0.451542
0.979873
0.78979
0.158769
0.875332
0.236499
0.63978
0.993078
0.674369
0.59696
0.269186
0.511599
0.0996614
0.292679
0.430564
0.371811
0.0986606
0.639153
0.398604
0.24055
0.268727
0.429268
0.00314205
0.302551
0.205191
0.865783
0.722638
0.593666
0.275603
0.295449
0.622855
0.727145
0.275322
0.412645
0.885914
0.150654
0.649143
0.525694
0.143733
0.323512
0.122654
0.412918
0.835111
0.222315
0.705597
0.265676
0.594126
0.804258
0.904829
0.992729
0.0448074
0.173556
0.421998
0.0479494
0.476107
0.627189
0.913733
0.198745
0.220855
0.189336
0.494194
0.843709
0.916481
0.769516
0.256354
0.802395
0.92017
0.905498
0.328089
0.0639033
0.229009
0.450742
0.476822
0.0641206
0.673057
0.182419
0.329796
0.267183
0.986676
0.234625
0.259912
0.0314835
0.408181
0.68191
0.0794329
0.884288
0.309099
0.993166
0.0830332
0.529954
0.182502
0.577227
0.373663
0.0989826
0.346743
0.630017
0.901378
0.266914
0.535515
0.229466
0.330817
0.764524
0.680208
0.807639
0.828645
0.353266
0.990057
0.158441
0.620449
0.976733
0.393066
0.880361
0.00821694
0.801247
0.562271
0.0876499
0.685535
0.87137
0.0808155
0.768568
0.401324
0.263317
0.345795
0.774986
0.3623
0.692538
0.405003
0.263677
0.959452
0.940518
0.493143
0.290269
0.705042
0.173351
0.0979077
0.533687
0.526617
0.0879649
0.692127
0.147066
0.0646984
0.0851932
0.0274266
0.0729153
0.88644
0.589698
0.160565
0.571974
0.461068
0.241381
0.340542
0.862391
0.504698
0.686337
0.637377
0.866997
0.378875
0.0423809
0.130674
0.338327
0.982899
0.623818
0.628596
0.687941
0.797169
0.726503
0.221627
0.323786
0.814468
0.913755
0.470852
0.879167
0.998948
0.498278
0.952082
0.885388
0.0879759
0.112647
0.457362
0.549043
0.354028
0.797904
0.411435
0.858725
0.484241
0.048812
0.725723
0.863116
0.091193
0.856397
0.201442
0.0740919
0.480215
0.830038
0.762033
0.277384
0.556541
0.98366
0.60117
0.37101
0.897415
0.0720218
0.250176
0.896363
0.5703
0.202258
0.78175
0.658276
0.314905
0.239112
0.20732
0.668933
0.0370158
0.618754
0.527658
0.521256
0.667566
0.253381
0.384372
0.758759
0.109778
0.585814
0.832851
0.589993
0.415852
0.594884
0.867377
0.972394
0.578544
0.468547
0.343403
0.475958
0.540568
0.593579
0.372321
0.110869
0.795838
0.154071
0.769145
0.110743
0.393183
0.976464
0.779676
0.430199
0.595218
0.307334
0.951455
0.262785
0.560715
0.335827
0.0215437
0.670493
0.921642
0.854395
0.260486
0.337494
0.449278
0.127863
0.309887
0.0278221
0.596409
0.653291
0.503781
0.136978
0.24687
0.876102
0.247846
0.0427077
0.0301726
0.0169908
0.153451
0.423356
0.993455
0.933127
0.853555
0.588673
0.240461
0.80501
0.851458
0.801176
0.140837
0.873002
0.47167
0.0624788
0.727396
0.732156
0.399973
0.176675
0.860018
0.70986
0.204497
0.456428
0.36315
0.708277
0.593405
0.61002
0.584379
0.841251
0.652728
0.614552
0.858242
0.806179
0.0379072
0.851697
0.739306
0.891462
0.44037
0.979767
0.696472
0.291828
0.780943
0.837309
0.16483
0.252613
0.899788
0.892226
0.984768
0.29976
0.068901
0.844787
0.00962004
0.273398
0.301214
0.372771
0.981675
0.894619
0.982791
0.566054
0.735871
0.635519
0.180606
0.594113
0.441698
0.218513
0.44581
0.181004
0.109974
0.88618
0.16077
0.806446
0.178009
0.941713
0.643755
0.342839
0.194326
0.543542
0.235065
0.179094
0.843302
0.303966
0.023881
0.852922
0.577364
0.325095
0.225693
0.559039
0.219715
0.208484
0.125093
0.955585
0.844003
0.305698
0.549698
0.285701
0.524211
0.995508
0.466705
0.634185
0.881688
0.627475
0.440631
0.0596965
0.569188
0.0843862
0.402535
0.763514
0.627928
0.6376
0.942608
0.471231
0.941566
0.966489
0.324153
0.518929
0.291585
0.549846
0.077968
0.511299
0.75833
0.203061
0.466885
0.602333
0.508759
0.0165829
0.888035
0.0329699
0.0120907
0.354739
0.667155
0.893779
0.982214
0.107787
0.953475
0.551402
0.192173
0.35601
0.314916
0.820101
0.99361
0.257524
0.291332
0.935176
0.224014
0.615486
0.454105
0.515598
0.165332
0.532073
0.0268974
0.923662
0.735134
0.493782
0.525996
0.243893
0.510365
0.41403
0.276863
0.522456
0.768769
0.944018
0.416234
0.750984
0.0518046
0.369709
0.302386
0.243977
0.72572
0.617302
0.0640787
0.71933
0.874827
0.355411
0.654505
0.0988405
0.970896
0.10861
0.614439
0.136228
0.640684
0.641336
0.0598903
0.375817
0.135118
0.585886
0.61971
0.645483
0.999916
0.896573
0.167939
0.768685
0.840591
0.584173
0.519669
0.892395
0.953883
0.822055
0.136373
0.679602
0.439358
0.200452
0.398932
0.314185
0.555862
0.0534372
0.413025
0.526759
0.162048
0.0274637
0.662987
0.802731
0.6688
0.722877
0.178549
0.803918
0.308763
0.798259
0.449401
0.308679
0.694832
0.61734
0.0773644
0.535423
0.201513
0.597034
0.427818
0.155396
0.419089
0.564191
0.834998
0.858447
0.764643
0.23393
0.172631
0.320505
0.287367
0.585657
0.847264
0.449415
0.61312
0.510251
0.252146
0.28192
0.233128
0.430695
0.0858377
0.541891
0.228954
0.535239
0.85057
0.923786
0.152579
0.927934
0.459209
0.354092
0.524968
0.887027
0.509488
0.944057
0.451218
0.344486
0.802504
0.215861
0.578417
0.975135
0.536366
0.865784
0.560791
0.383629
0.315199
0.173912
0.89388
0.567345
0.455832
0.127008
0.99804
0.541669
0.668899
0.226994
0.0769079
0.519469
0.15078
0.229487
0.447403
0.609988
0.583578
0.972371
0.497015
0.0930665
0.916428
0.948233
0.437553
0.718932
0.164094
0.0159698
0.694067
0.700459
0.881754
0.254858
0.0840887
0.196953
0.42877
0.977969
0.764299
0.884601
0.104977
0.762339
0.426271
0.773876
0.989333
0.503178
0.293345
0.140113
0.732665
0.740748
0.750102
0.316243
0.713119
0.247117
0.40931
0.629548
0.19535
0.846863
0.348479
0.359444
0.862833
0.0425461
0.0599031
0.744587
0.297404
0.143992
0.94154
0.726174
0.121961
0.705839
0.610775
0.226937
0.468178
0.0370458
0.000813054
0.457511
0.540224
0.294158
0.597624
0.272889
0.0349058
0.347726
0.589133
0.748025
0.594843
0.998443
0.377573
0.790193
0.845306
0.726052
0.149637
0.708139
0.768598
0.20954
0.452725
0.0660024
0.353531
0.394265
0.792176
0.475492
0.100104
0.402951
0.702429
0.568281
0.439997
0.703242
0.0257923
0.980222
0.9974
0.623416
0.253111
0.0323058
0.971142
0.842243
0.780331
0.565985
0.840686
0.157904
0.356178
0.685992
0.883956
0.505814
0.39413
0.652554
0.715354
0.846856
0.718557
0.0688851
0.241121
0.510733
0.544377
0.341225
0.913684
0.246806
0.909506
0.353682
0.950049
0.935299
0.333903
0.947449
0.558715
0.587014
0.979755
0.529857
0.429257
0.760086
0.0958421
0.269943
0.917989
0.45202
0.955935
0.801945
0.957834
0.350066
0.4545
0.673187
0.196921
0.173056
0.742073
0.438042
0.683789
0.28645
0.779267
0.597473
0.533256
0.688774
0.951155
0.483305
0.624073
0.285058
0.430753
0.182788
0.872072
0.410508
0.712645
0.301329
0.170593
0.808487
0.571273
0.0885827
0.260507
0.527208
0.890528
0.21834
0.877274
0.345027
0.891528
0.0741953
0.518084
0.633601
0.512238
0.201873
0.92005
0.291505
0.799346
0.453306
0.980279
0.750501
0.936611
0.604352
0.0355591
0.367364
0.787139
0.907631
0.777872
0.499784
0.20896
0.948465
0.308271
0.780233
0.037048
0.568778
0.307441
0.927576
0.787118
0.184715
0.272603
0.678646
0.258911
0.790687
0.312247
0.771148
0.99256
0.232297
0.0626535
0.791906
0.685603
0.0429325
0.542407
0.622214
0.647284
0.577966
0.989578
0.434423
0.485597
0.76745
0.934208
0.694557
0.715915
0.242479
0.474791
0.752963
0.811257
0.782232
0.680539
0.598375
0.966947
0.953142
0.277021
0.225858
0.743829
0.589268
0.997006
0.736389
0.821565
0.0596596
0.528295
0.507168
0.102592
0.0707012
0.129382
0.749876
0.648667
0.11896
0.1843
0.134264
0.88641
0.118507
0.828821
0.602325
0.360986
0.303612
0.355288
0.172243
0.0858441
0.035827
0.770618
0.0527914
0.988969
0.0476394
0.278649
0.732799
0.636908
0.275655
0.469188
0.458473
0.335315
0.997482
0.965641
0.437907
0.0681836
0.0950228
0.187783
0.716851
0.213983
0.372083
0.851114
0.100392
0.49059
0.679936
0.702717
0.851576
0.983548
0.0580049
0.0238189
0.0693917
0.0938318
0.794437
0.122183
0.0828012
0.842076
0.400832
0.8156
0.478984
0.676488
0.284788
0.937457
0.011803
0.28227
0.903098
0.44971
0.350454
0.99812
0.637494
0.0673043
0.212103
0.00957642
0.918419
0.312495
0.500166
0.598354
0.0152122
0.351743
0.581902
0.0732171
0.375562
0.651294
0.167049
0.169998
0.773477
0.24985
0.0120748
0.174309
0.0654502
0.491059
0.850797
0.350238
0.428515
0.8626
0.632508
0.331613
0.31231
0.982962
0.329733
0.949804
0.0502662
0.541836
0.95938
0.968685
0.854331
0.459546
0.567039
0.869544
0.811289
0.148941
0.942761
0.186851
0.800235
0.10981
0.356849
0.573711
0.35966
0.368924
0.748021
0.42511
0.859982
0.598817
0.775348
0.288498
0.461417
0.407856
0.620111
0.773727
0.390818
0.949844
0.723531
0.441084
0.49168
0.682911
0.409769
0.346012
0.142457
0.976808
0.215555
0.953746
0.12575
0.158316
0.140597
0.925984
0.268126
0.497446
0.499696
0.627786
0.86637
0.247716
0.052896
0.726352
0.846534
0.828244
0.01485
0.307951
0.2361
0.634961
0.0816786
0.626919
0.584805
0.80521
0.068003
0.0764848
0.488121
0.477772
0.422496
0.630578
0.454581
0.638052
0.584325
0.58033
0.796368
0.724922
0.506315
0.064494
0.222368
0.00601068
0.69228
0.0887373
0.253727
0.745176
0.815089
0.100261
0.57342
0.829939
0.408212
0.80952
0.4649
0.489891
0.436439
0.0497047
0.2951
0.504442
0.126189
0.783221
0.982214
0.548686
0.413799
0.436795
0.186738
0.998124
0.0171255
0.983106
0.723045
0.52344
0.0475999
0.945413
0.529451
0.73988
0.0341499
0.783178
0.485056
0.849239
0.883439
0.0584755
0.679179
0.291651
0.867996
0.144079
0.781542
0.304435
0.193783
0.0766422
0.808876
0.319973
0.859863
0.791091
0.868659
0.273662
0.227886
0.0553966
0.271786
0.245011
0.0385025
0.994831
0.768451
0.0861024
0.940243
0.297902
0.825982
0.974393
0.0810806
0.311038
0.823632
0.96452
0.369513
0.502811
0.256171
0.237509
0.64689
0.0377124
0.541943
0.840673
0.114355
0.35082
0.160646
0.974218
0.14191
0.0293046
0.24788
0.369796
0.0847012
0.519665
0.614807
0.123204
0.514496
0.383258
0.209306
0.454739
0.681161
0.0352883
0.429133
0.762241
0.346326
0.252765
0.726761
0.715839
0.755576
0.982932
0.953348
0.402466
0.0206441
0.495292
0.243139
0.134999
0.846112
0.403785
0.109216
0.988022
0.433089
0.357096
0.357818
0.517791
0.876762
0.972625
0.640994
0.391258
0.355883
0.850301
0.845997
0.0370443
0.885589
0.27513
0.799286
0.231915
0.527895
0.526047
0.947754
0.283471
0.508978
0.901103
0.685937
0.529623
0.396395
0.929076
0.664621
0.242506
0.332861
0.773838
0.230528
0.76595
0.130934
0.588346
0.283741
0.00769559
0.560971
0.924735
0.398953
0.916855
0.775036
0.244951
0.953899
0.660625
0.520081
0.753185
0.89254
0.0479756
0.279232
0.840294
0.331447
0.78821
0.741397
0.0173835
0.317833
0.137792
0.946459
0.982454
0.380298
0.27932
0.756292
0.610827
0.0452701
0.887225
0.199173
0.329011
0.894921
0.760144
0.253746
0.293874
0.676999
0.0287818
0.538825
0.630898
0.689407
0.0589058
0.384083
0.581946
0.106881
0.663314
0.42224
0.438328
0.451525
0.163638
0.455711
0.769357
0.301429
0.402171
0.751811
0.681728
0.681491
0.508103
0.292554
0.726761
0.395328
0.491727
0.0557717
0.290249
0.251871
0.309518
0.584123
0.92887
0.3383
0.122949
0.559768
0.0277062
0.181854
0.943851
0.609652
0.288736
0.607166
0.0318929
0.727064
0.0586901
0.19553
0.182775
0.828047
0.49696
0.584946
0.579858
0.178687
0.266437
0.0879608
0.471241
0.993198
0.483289
0.962969
0.0489693
0.773538
0.21484
0.358487
0.357661
0.143711
0.696787
0.48061
0.703479
0.724493
0.662464
0.64733
0.334145
0.9512
0.254496
0.366038
0.678264
0.313186
0.561569
0.861039
0.141233
0.0585284
0.445985
0.721091
0.237216
0.712422
0.809052
0.708457
0.705619
0.292341
0.671426
0.754589
0.0658788
0.886266
0.113076
0.42354
0.0299765
0.809863
0.90415
0.733455
0.534356
0.566615
0.380785
0.868501
0.517815
0.635281
0.234539
0.196079
0.948467
0.796108
0.0571182
0.0896995
0.854636
0.503103
0.810791
0.0918519
0.215525
0.619843
0.800309
0.921144
0.912184
0.471735
0.675733
0.978062
0.358001
0.788809
0.401602
0.387977
0.598671
0.305753
0.121433
0.133027
0.872367
0.502218
0.00152796
0.390182
0.137499
0.236067
0.586261
0.0859658
0.032175
0.643379
0.175665
0.886811
0.146483
0.986456
0.978663
0.362008
0.606299
0.778972
0.283152
0.518482
0.250707
0.958885
0.496545
0.608708
0.747694
0.898147
0.996686
0.346366
0.2039
0.118119
0.479393
0.0762673
0.620337
0.480921
0.46645
0.757836
0.716988
0.0527109
0.843802
0.749163
0.69609
0.0194672
0.635974
0.842573
0.0059233
0.614637
0.204581
0.612222
0.39361
0.487733
0.130705
0.644317
0.446619
0.627249
0.253025
0.194313
0.525397
0.249711
0.540679
0.729297
0.36783
0.0200718
0.805564
0.988166
0.500993
0.272014
0.746002
0.217981
0.324724
0.589804
0.967144
0.0208148
0.609271
0.603118
0.863388
0.615195
0.217755
0.0679689
0.227417
0.611365
0.555702
0.358121
0.255682
0.00232081
0.985371
0.508707
0.196634
0.510768
0.758418
0.737313
0.240064
0.126248
0.757384
0.0456281
0.114414
0.258377
0.317642
0.860417
0.476358
0.642366
0.450221
0.443501
0.663181
0.0594925
0.0466188
0.526569
0.674687
0.264374
0.594538
0.902104
0.875739
0.15024
0.260226
0.13142
0.152561
0.245597
0.640127
0.349195
0.756364
0.398545
0.0865073
0.996428
0.524793
0.843892
0.0420562
0.639207
0.102269
0.359698
0.499624
0.578627
0.00206399
0.949845
0.0221276
0.665245
0.0093374
0.0687465
0.191814
0.684025
0.33312
0.786352
0.586129
0.208859
0.936592
0.846354
0.340279
0.0891523
0.091951
0.980406
0.438347
0.848315
0.378952
0.524854
0.844743
0.903745
0.368746
0.886799
0.542952
0.471015
0.246497
0.0425762
0.0496414
0.248561
0.992421
0.071769
0.913806
0.00175849
0.140515
0.10562
0.685783
0.473636
0.891972
0.271912
0.682495
0.828563
0.118266
0.0227739
0.917716
0.210217
0.00318035
0.356062
0.0585324
0.382132
0.880917
0.903276
0.285877
0.249663
0.790075
0.828829
0.720678
0.0365721
0.871405
0.770319
0.285133
0.863826
0.842088
0.19894
0.865585
0.982604
0.30456
0.551368
0.456239
0.196531
0.82328
0.138734
0.0250946
0.941546
0.161508
0.94281
0.151764
0.164688
0.298873
0.210296
0.54682
0.179789
0.113572
0.832697
0.429452
0.903647
0.661527
0.15013
0.940219
0.532932
0.920449
0.225352
0.396758
0.762537
0.424292
0.262343
0.74514
0.728851
0.813711
0.201379
0.925383
0.636991
0.340114
0.950477
0.578538
0.501622
0.893287
0.730301
0.66631
0.19216
0.940598
0.21313
0.371949
0.0541694
0.0458277
0.801402
0.957816
0.707354
0.951531
0.898035
0.240286
0.87198
0.123387
0.637045
0.634517
0.547678
0.899388
0.379657
0.27653
0.713099
0.581036
0.201912
0.35009
0.92115
0.152389
0.928628
0.422771
0.0456767
0.65893
0.089081
0.237837
0.599527
0.302211
0.609786
0.653697
0.348039
0.411188
0.611513
0.0553934
0.362719
0.509547
0.29568
0.234699
0.632934
0.932724
0.869216
0.180613
0.832112
0.248872
0.457142
0.545211
0.829908
0.659055
0.895302
0.751058
0.811444
0.82393
0.173829
0.857121
0.48286
0.26291
0.0949575
0.0823868
0.565121
0.704744
0.736083
0.913161
0.115932
0.347596
0.968554
0.478651
0.857144
0.264234
0.71335
0.490078
0.196958
0.582565
0.670691
0.02907
0.831437
0.127833
0.574281
0.661346
0.786888
0.469583
0.412404
0.598332
0.293513
0.586233
0.455453
0.776373
0.849143
0.55041
0.85876
0.414265
0.255154
0.594843
0.327425
0.371086
0.942439
0.295979
0.849736
0.799583
0.560213
0.563086
0.289661
0.75717
0.145651
0.960351
0.78624
0.977089
0.0881845
0.360522
0.638434
0.875072
0.830105
0.0508382
0.473404
0.123618
0.637071
0.928857
0.899991
0.486214
0.479267
0.758751
0.900479
0.734421
0.353594
0.227904
0.105506
0.296033
0.523883
0.955243
0.095616
0.0840958
0.518329
0.385277
0.841266
0.66398
0.345628
0.627507
0.641069
0.433813
0.988029
0.279503
0.308885
0.818134
0.330341
0.782289
0.941752
0.967412
0.711146
0.841743
0.453627
0.190413
0.600494
0.354106
0.924834
0.954088
0.58201
0.03034
0.250121
0.105893
0.985583
0.345737
0.189989
0.503911
0.731014
0.0312553
0.167891
0.0766421
0.658762
0.808959
0.510455
0.64679
0.0884624
0.81934
0.464924
0.418804
0.601629
0.406676
0.386216
0.312775
0.248419
0.839843
0.503188
0.848913
0.193949
0.428022
0.803001
0.775958
0.458362
0.0531222
0.881852
0.443945
0.398859
0.0718406
0.947856
0.129873
0.103096
0.115747
0.206515
0.761858
0.924706
0.71697
0.408648
0.0131684
0.53631
0.873572
0.431972
0.137939
0.280248
0.818188
0.450715
0.528668
0.658031
0.953903
0.377581
0.851979
0.381925
0.180582
0.627938
0.840287
0.233704
0.509789
0.284232
0.632563
0.58163
0.232088
0.762437
0.684726
0.347834
0.968952
0.446584
0.27254
0.685922
0.855232
0.285709
0.222232
0.728804
0.717681
0.360172
0.00905295
0.535869
0.810886
0.537721
0.193899
0.764789
0.915302
0.0458785
0.146714
0.0958835
0.673816
0.987002
0.329588
0.183606
0.271234
0.962151
0.765236
0.503321
0.724588
0.449961
0.851156
0.69354
0.896545
0.123696
0.379462
0.751777
0.409405
0.601695
0.480582
0.127085
0.961866
0.489635
0.662954
0.772753
0.0273552
0.856853
0.537542
0.942657
0.902732
0.684256
0.0385402
0.576548
0.671258
0.368128
0.760153
0.942491
0.330279
0.525389
0.445813
0.0548669
0.97535
0.296968
0.748407
0.871895
0.420664
0.127869
0.623673
0.830069
0.729564
0.104254
0.957154
0.69143
0.593889
0.620108
0.464183
0.621244
0.476962
0.00172442
0.563901
0.379693
0.685981
0.602441
0.956241
0.357238
0.970569
0.716394
0.29973
0.300848
0.241783
0.745543
0.355715
0.217133
0.042511
0.104121
0.0890288
0.463176
0.231991
0.712701
0.293245
0.961555
0.816955
0.250399
0.652985
0.410844
0.870507
0.117167
0.0320879
0.347469
0.118892
0.595989
0.727162
0.804872
0.198429
0.683403
0.162111
0.168998
0.399797
0.461841
0.469846
0.641581
0.207383
0.82556
0.858714
0.249894
0.929682
0.947743
0.71307
0.161672
0.660444
0.00631431
0.123227
0.4774
0.256713
0.776212
0.888244
0.127221
0.893379
0.920331
0.47469
0.0122708
0.51632
0.201852
0.817143
0.714749
0.885255
0.979254
0.883747
0.285053
0.441094
0.353593
0.926633
0.648478
0.179153
0.785347
0.898372
0.108835
0.73309
0.611441
0.270508
0.393534
0.617756
0.393735
0.870934
0.874469
0.169946
0.759177
0.00168999
0.0633253
0.679509
0.47638
0.0755962
0.195829
0.678232
0.892739
0.910578
0.563487
0.871993
0.794325
0.84854
0.313088
0.147919
0.775173
0.961565
0.327072
0.56052
0.859937
0.435907
0.29361
0.471378
0.706415
0.687144
0.0891339
0.10015
0.558078
0.963603
0.270096
0.317255
0.965293
0.333421
0.996764
0.441673
0.409017
0.192593
0.119905
0.301757
0.103171
0.683392
0.17375
0.897496
0.531931
0.486838
0.0454149
0.307104
0.448403
0.372487
0.867624
0.30834
0.808394
0.161234
0.779718
0.514809
0.848378
0.868852
0.614959
0.406456
0.832455
0.885055
0.723712
0.797748
0.218476
0.720476
0.239421
0.627494
0.913068
0.359326
0.92925
0.0162391
0.0427176
0.103001
0.913735
0.574649
0.589838
0.95915
0.881753
0.0382414
0.331637
0.749377
0.346581
0.140032
0.910611
0.1263
0.654841
0.758989
0.995152
0.2698
0.165446
0.827607
0.154855
0.889157
0.625356
0.373331
0.609633
0.864777
0.000824575
0.522701
0.224103
0.930075
0.53894
0.26682
0.0330755
0.452676
0.841469
0.622914
0.411826
0.723222
0.661155
0.743463
0.472599
0.00773667
0.883494
0.38321
0.134036
0.538335
0.142199
0.129188
0.808135
0.307645
0.956796
0.96299
0.196802
0.582151
0.336321
0.806435
0.446928
0.337146
0.329136
0.671031
0.267221
0.868076
0.937851
0.300296
0.320752
0.77932
0.92321
0.732578
0.502542
0.584365
0.47604
0.975141
0.592102
0.359535
0.35835
0.726138
0.89787
0.500549
0.855327
0.706006
0.808194
0.812122
0.668996
0.00499592
0.394274
0.00531691
0.811431
0.841202
0.342463
0.140567
0.512232
0.609683
0.00864284
0.450083
0.909979
0.329395
0.229403
0.833189
0.0619721
0.731945
0.417555
0.538013
0.707086
0.00965648
0.897548
0.065436
0.735795
0.795418
0.565985
0.591122
0.501423
0.37418
0.403244
0.170419
0.379175
0.797518
0.175736
0.190606
0.638719
0.518199
0.331173
0.150951
0.127882
0.339816
0.601034
0.0378615
0.66921
0.830437
0.871051
0.731182
0.562382
0.288606
0.269195
0.269468
0.298262
0.166742
0.334904
0.0340568
0.96216
0.900889
0.625178
0.463584
0.275069
0.0284223
0.634003
0.654244
0.82594
0.809739
0.84485
0.464659
0.327938
0.176023
0.615611
0.45582
0.515839
0.216645
0.493682
0.185049
0.0470826
0.364733
0.916231
0.609465
0.653338
0.185426
0.878933
0.9516
0.352169
0.213837
0.985657
0.314329
0.114726
0.610835
0.777913
0.389795
0.639258
0.411916
0.0440391
0.465198
0.221655
0.88889
0.929857
0.549594
0.0649128
0.545468
0.00541379
0.580752
0.762113
0.499096
0.765801
0.809196
0.863828
0.682032
0.41866
0.517167
0.867458
0.297593
0.468767
0.219627
0.51143
0.454424
0.533956
0.626156
0.0652594
0.311869
0.0159504
0.704517
0.723785
0.0599895
0.169715
0.945441
0.948879
0.0995718
0.495034
0.0137918
0.645039
0.500448
0.594543
0.407152
0.999544
0.360344
0.216348
0.863372
0.0423759
0.635008
0.380539
0.909834
0.932601
0.849305
0.129461
0.444031
0.303729
0.663418
0.0701868
0.368989
0.975287
0.0861371
0.0735058
0.699073
0.146127
0.243221
0.644513
0.0950056
0.342792
0.139548
0.108797
0.987832
0.639996
0.703341
0.394984
0.63954
0.0636847
0.611332
0.502912
0.106061
0.24634
0.883451
0.0158949
0.178942
0.732756
0.145356
0.622973
0.0364853
0.808774
0.69316
0.405474
0.784061
0.779297
0.47898
0.483134
0.925423
0.7222
0.127647
0.0204291
0.0649929
0.267195
0.129227
0.0528248
0.907191
0.832567
0.447809
0.546731
0.896252
0.059141
0.049643
0.00231264
0.305481
0.933093
0.0182075
0.484423
0.665849
0.163564
0.107396
0.702335
0.972338
0.800556
0.107809
0.756399
0.579853
0.586788
0.239533
0.505276
0.308989
0.36718
0.525705
0.373982
0.634375
0.654932
0.426807
0.541566
0.487499
0.874616
0.0882972
0.383751
0.933756
0.13794
0.386064
0.239238
0.0710336
0.404271
0.723661
0.736883
0.567835
0.831057
0.439218
0.540173
0.631613
0.547026
0.296572
0.211465
0.133815
0.536105
0.716741
0.442804
0.903285
0.242447
0.816786
0.53766
0.897378
0.243592
0.0792261
0.384877
0.118208
0.167523
0.768629
0.0519641
0.305463
0.154692
0.291202
0.376497
0.558964
0.0148627
0.11338
0.126799
0.84592
0.552598
0.666972
0.477532
0.0996242
0.963544
0.688997
0.233439
0.499649
0.405739
0.676243
0.402934
0.648185
0.493028
0.940594
0.545564
0.73662
0.0198199
0.930441
0.854828
0.187343
0.699069
0.906792
0.492807
0.853762
0.197994
0.869304
0.412725
0.212856
0.982684
0.539524
0.0587759
0.535282
0.206496
0.536308
0.634906
0.170039
0.225305
0.868345
0.669688
0.631044
0.544587
0.0726221
0.279229
0.0376156
0.0132158
0.824793
0.774236
0.0330358
0.755234
0.629064
0.220379
0.454303
0.535856
0.713186
0.308065
0.733849
0.582489
0.72079
0.946706
0.565173
0.260314
0.0054816
0.100455
0.46681
0.54179
0.735361
0.636849
0.767095
0.603706
0.306538
0.398139
0.148293
0.37916
0.677368
0.185909
0.392376
0.502161
0.960145
0.425411
0.257395
0.589208
0.64579
0.711698
0.125064
0.358976
0.0197635
0.858913
0.941465
0.740554
0.805619
0.506639
0.000868162
0.8111
0.607093
0.467678
0.35289
0.342454
0.104528
0.119985
0.94616
0.411065
0.518124
0.0944528
0.790225
0.195493
0.280361
0.182601
0.697654
0.240506
0.608012
0.955049
0.829714
0.253802
0.666747
0.954778
0.612778
0.686511
0.813691
0.554244
0.427065
0.61931
0.0608824
0.427933
0.430411
0.667976
0.895611
0.783301
0.0104301
0.000138521
0.903286
0.95659
0.411204
0.42141
0.0510426
0.201429
0.616903
0.331404
0.384029
0.314557
0.57191
0.992041
0.269606
0.401624
0.245844
0.936353
0.356402
0.858622
0.622864
0.170094
0.412866
0.0499285
0.789404
0.473748
0.477861
0.219814
0.141724
0.373472
0.0031152
0.152154
0.373611
0.906401
0.108744
0.784815
0.327811
0.159787
0.986243
0.944714
0.491191
0.370273
0.259271
0.0631007
0.362314
0.528876
0.464725
0.608158
0.465229
0.821127
0.466781
0.0880933
0.991221
0.879647
0.138022
0.780625
0.353395
0.615883
0.000439032
0.495119
0.989356
0.00355423
0.647274
0.362966
0.909955
0.756018
0.147781
0.237767
0.915804
0.134025
0.182481
0.406995
0.504297
0.441751
0.470096
0.866612
0.970628
0.934821
0.47477
0.435857
0.755948
0.941551
0.523951
0.747169
0.821197
0.661973
0.527793
0.174592
0.277856
0.528233
0.669712
0.267211
0.531787
0.316985
0.630178
0.441742
0.0730029
0.777959
0.679509
0.988807
0.911983
0.861989
0.395802
0.416281
0.303741
0.865898
0.282893
0.274369
0.800719
0.757663
0.710226
0.556667
0.699214
0.234177
0.303836
0.520411
0.896149
0.831629
0.695003
0.174005
0.359862
0.364715
0.441216
0.891649
0.6817
0.0713941
0.333391
0.754703
0.849353
0.0128996
0.74351
0.761336
0.874889
0.139313
0.177617
0.17863
0.00521094
0.46051
0.452999
0.80593
0.218173
0.163225
0.362597
0.917387
0.397402
0.666433
0.437798
0.293551
0.498063
0.132801
0.467556
0.857925
0.497516
0.908772
0.749573
0.179216
0.980166
0.0829643
0.933919
0.829519
0.0958639
0.67743
0.590856
0.970753
0.816742
0.768473
0.149383
0.821953
0.228983
0.602382
0.627883
0.447156
0.765606
0.99048
0.364543
0.163008
0.656913
0.802341
0.456559
0.154976
0.935142
0.924115
0.0129007
0.432659
0.832887
0.762474
0.611875
0.813053
0.845438
0.545794
0.642572
0.941302
0.223224
0.233428
0.912055
0.039966
0.00190115
0.0614383
0.861919
0.230884
0.66382
0.489802
0.678041
0.429426
0.480283
0.0425839
0.592435
0.137196
0.844925
0.0489933
0.292172
0.780067
0.973108
0.305073
0.212726
0.805995
0.0675469
0.824601
0.619048
0.912985
0.370395
0.26162
0.854288
0.593619
0.495048
0.766343
0.633585
0.49695
0.827781
0.495504
0.727834
0.491601
0.985306
0.405875
0.921028
0.465589
0.448459
0.513462
0.602785
0.293384
0.562456
0.894957
0.073451
0.535564
0.20003
0.286177
0.341558
0.267577
0.110778
0.960606
0.180562
0.481173
0.222226
0.0348496
0.0747918
0.717275
0.801193
0.708377
0.214224
0.628974
0.203881
0.942058
0.120575
0.189187
0.347933
0.0416026
0.654776
0.796391
0.555065
0.257561
0.089775
0.11752
0.152518
0.163226
0.653084
0.352548
0.449403
0.994642
0.620125
0.560181
0.955248
0.800687
0.0413537
0.177475
0.835536
0.116145
0.89475
0.636729
0.824522
0.108974
0.265702
0.0284026
0.0510323
0.386277
0.21759
0.398965
0.42788
0.872365
0.195356
0.982945
0.129926
0.285131
0.100465
0.282444
0.448357
0.753549
0.634992
0.89776
0.748191
0.255117
0.457941
0.70344
0.0558035
0.499295
0.880914
0.89134
0.61544
0.775664
0.528068
0.439962
0.884638
0.793771
0.468365
0.93567
0.180048
0.685955
0.334636
0.607928
0.55832
0.529992
0.590873
0.688246
0.815124
0.691338
0.970691
0.263481
0.444887
0.605683
0.161241
0.193078
0.8608
0.619182
0.896518
0.916603
0.118477
0.777432
0.807943
0.733918
0.553096
0.336011
0.17388
0.437735
0.129782
0.642245
0.373405
0.309831
0.3282
0.70804
0.917759
0.88652
0.238033
0.508632
0.574766
0.053156
0.19997
0.545457
0.316637
0.644858
0.15114
0.477878
0.837936
0.0119393
0.0970607
0.734454
0.928543
0.215538
0.511886
0.736485
0.949456
0.0649826
0.0724968
0.123336
0.502717
0.202279
0.765581
0.876122
0.51211
0.0937807
0.584163
0.429868
0.9803
0.822195
0.938501
0.555067
0.875351
0.138471
0.100523
0.191988
0.783328
0.251663
0.669866
0.621264
0.263602
0.766927
0.355718
0.192145
0.982465
0.867605
0.92863
0.931921
0.932587
0.00112696
0.0552565
0.435304
0.203406
0.820837
0.311427
0.715516
0.914618
0.895589
0.145384
0.894919
0.717784
0.0838845
0.449985
0.593135
0.222355
0.550508
0.785123
0.00568386
0.802171
0.45499
0.626948
0.0657735
0.221916
0.982667
0.257918
0.204381
0.850271
0.186548
0.136302
0.782859
0.187675
0.191559
0.218163
0.391081
0.012396
0.52959
0.106597
0.927014
0.425179
0.251981
0.821933
0.142963
0.335866
0.271918
0.736098
0.558221
0.822426
0.521221
0.563905
0.624597
0.976211
0.190853
0.690371
0.198127
0.17352
0.948289
0.402509
0.0237912
0.134838
0.538811
0.80665
0.322513
0.730369
0.0248129
0.713595
0.742765
0.554402
0.820191
0.669779
0.979581
0.0721724
0.491712
0.122544
0.408038
0.76363
0.858642
0.966259
0.586056
0.379863
0.530164
0.210653
0.356074
0.721017
0.901024
0.554201
0.894537
0.849313
0.95671
0.918328
0.984151
0.495521
0.724978
0.306664
0.22589
0.749791
0.0202588
0.968655
0.304193
0.84045
0.638435
0.283774
0.912623
0.130147
0.406318
0.320661
0.893777
0.26496
0.286919
0.479833
0.644823
0.817083
0.690486
0.000897297
0.5381
0.59151
0.555099
0.432636
0.440824
0.511808
0.350964
0.424975
0.00732907
0.0759418
0.731639
0.233219
0.825732
0.751898
0.201874
0.129925
0.592348
0.840309
0.413699
0.504971
0.970456
0.820018
0.825631
0.864233
0.0849776
0.112551
0.344065
0.729801
0.929634
0.0345515
0.730698
0.467734
0.626062
0.285797
0.90037
0.0668855
0.797605
0.251334
0.49186
0.804934
0.327276
0.2235
0.0381533
0.153008
0.975397
0.240028
0.282934
0.567745
0.080337
0.696633
0.0727162
0.0507931
0.516651
0.898348
0.915026
0.601628
0.0108984
0.259091
0.331429
0.940532
0.293643
0.0621274
0.408266
0.919705
0.347924
0.308636
0.98659
0.145529
0.55997
0.478451
0.950464
0.887246
0.70195
0.988617
0.0402545
0.677347
0.228645
0.323188
0.245093
0.308982
0.0198212
0.317809
0.359775
0.536472
0.216157
0.274801
0.1381
0.227055
0.533892
0.469529
0.167587
0.827535
0.531657
0.575853
0.74724
0.879581
0.884489
0.73383
0.0251102
0.44446
0.212281
0.975574
0.331706
0.914231
0.964191
0.37196
0.591578
0.192835
0.695149
0.836671
0.501817
0.71497
0.15448
0.861591
0.251442
0.370637
0.136392
0.389542
0.597692
0.670284
0.859071
0.76528
0.497819
0.390728
0.341133
0.245059
0.270309
0.225623
0.978889
0.295419
0.670082
0.19117
0.270992
0.00178826
0.105401
0.235183
0.373749
0.696979
0.428018
0.0688972
0.53365
0.929835
0.783867
0.68813
0.791426
0.0353086
0.0587669
0.927818
0.42485
0.656459
0.598103
0.283921
0.421739
0.0959219
0.674649
0.762872
0.340981
0.944958
0.988495
0.31987
0.240377
0.658577
0.51104
0.511369
0.660365
0.616441
0.746552
0.0341139
0.313419
0.17457
0.103011
0.847069
